   104   104     1
    0.172114    0.0935794   0.00226078  -0.00482739   -0.0103481   -0.0138116    -0.014509    0.0673411    0.0470128    0.0312504    0.0186661   0.00977739   0.00421277    0.0683334    0.0573672      0.04213     0.119255    0.0286124    0.0169954   0.00728659  0.000977823  -0.00241065    0.0377117    0.0286206    0.0177361   0.00705847 -0.000853729     0.082638  -0.00560563  -0.00859982  -0.00943126    0.0186796    0.0104391   0.00249352  -0.00523102    -0.010916    -0.013895   -0.0150006    0.0573696   -0.0141645    0.0126591   0.00563341 -0.000966983  -0.00763144   -0.0128904   -0.0159185   -0.0167139   -0.0155101    0.0180827    0.0391627    0.0125193   0.00380884   -0.0044589   -0.0105669   -0.0138963   -0.0148489   -0.0141196    0.0215693    0.0174116   0.00916751    0.0255501  0.000530025  -0.00642722   -0.0108103   -0.0125719   -0.0125923    0.0215365    0.0182848    0.0113231    0.0032722  -0.00401104    0.0157039  -0.00926941   -0.0117939   -0.0123434    0.0200316    0.0171556    0.0107884   0.00270075   -0.0046301  -0.00981967   -0.0128632   0.00905995   -0.0135658    0.0181367    0.0155025   0.00983575   0.00222314   -0.0051215   -0.0106366   -0.0137823   -0.0144637    0.0174814     0.112779    0.0150832   0.00968572   0.00230983  -0.00509584    -0.010912   -0.0141948   -0.0148712    0.0178187    0.0156665   0.00968059
   0.0935794     0.148552   0.00361258  -0.00427383   -0.0111035   -0.0158062   -0.0171353    0.0967617    0.0616677    0.0376646    0.0212886    0.0109748   0.00473244    0.0736844    0.0849882    0.0670897     0.108154    0.0421817    0.0226176   0.00898031   0.00108916  -0.00297042    0.0383239    0.0380935    0.0291368    0.0147485   0.00226917    0.0909212  -0.00589084   -0.0107327   -0.0120852    0.0147479    0.0103281   0.00464737   -0.0036068    -0.011153    -0.015962   -0.0182993    0.0646059   -0.0177934   0.00823085   0.00306844  -0.00185394   -0.0083777   -0.0143783   -0.0183387   -0.0200346   -0.0192033    0.0162484    0.0431372    0.0119789   0.00429359  -0.00338522   -0.0101887   -0.0152463   -0.0177429   -0.0177115    0.0221415    0.0191202    0.0114934    0.0274633   0.00298467  -0.00489789    -0.011108    -0.014596   -0.0155784    0.0230406    0.0207363    0.0141381   0.00585095  -0.00244681     0.016698   -0.0093019   -0.0133801   -0.0149252    0.0210602    0.0188979    0.0130321   0.00479865  -0.00348232   -0.0101995   -0.0147813   0.00958602   -0.0163764    0.0188066    0.0166776    0.0114054   0.00359314   -0.0046152   -0.0114314   -0.0158755   -0.0173103     0.018211     0.100853    0.0162059    0.0110595   0.00338845  -0.00484972   -0.0118284   -0.0162678    -0.017618    0.0187847    0.0169772    0.0111743
  0.00226078   0.00361258    0.0545046   0.00883343  -0.00849398    -0.012812   -0.0122137   0.00512733   0.00560103   0.00361492 -0.000634902  -0.00505305  -0.00733063   0.00108742   0.00284684   0.00476772   0.00335812   0.00576612   0.00403544 -0.000261695  -0.00486384  -0.00733394 -0.000542201   0.00126508   0.00337346   0.00409044   0.00296966   0.00421446  0.000335212  -0.00279803  -0.00524079  -0.00216139  -0.00018631   0.00261985   0.00438904   0.00369687  0.000780654   -0.0027199   0.00411075  -0.00524982  -0.00300984 -0.000810265   0.00241817   0.00485703   0.00426304  0.000738663  -0.00338156  -0.00604619  -0.00292983   0.00237745 -0.000443348   0.00234857   0.00367302   0.00298766  0.000450652  -0.00306964  -0.00589523   -0.0040756 -0.000904331   0.00314425 -0.000727152   0.00578244   0.00493032  0.000773054  -0.00429976  -0.00759067  -0.00582911  -0.00170538   0.00409895    0.0084494   0.00747208  -0.00388944   0.00154041  -0.00511788  -0.00892874   -0.0075216   -0.0022089   0.00495622   0.00943387   0.00800457   0.00205864  -0.00425466  -0.00567896  -0.00822478   -0.0112924  -0.00434379   0.00737316    0.0165994    0.0129861   0.00141218  -0.00737619   -0.0109707    -0.016021   0.00206523  -0.00761008    0.0112078    0.0287051    0.0167622  -0.00263069    -0.012089   -0.0138623   -0.0181758  -0.00996875     0.012478
 -0.00482739  -0.00427383   0.00883343    0.0548195      0.01305  -0.00942806   -0.0181826 -0.000175931   0.00371017   0.00531079   0.00444924   0.00260807  0.000959279  -0.00651927  -0.00424035  8.71342e-05  -0.00320525   0.00410597   0.00554177   0.00422146   0.00199259  0.000105488  -0.00490717  -0.00262811  0.000442184    0.0029943   0.00399215 -0.000312782    0.0031271  0.000893824  -0.00106996  -0.00519806   -0.0027942  0.000723309   0.00370253   0.00440248   0.00259033 -0.000309897    0.0024592  -0.00246147   -0.0060711  -0.00353188   0.00060863   0.00424243   0.00491835   0.00246583 -0.000873871  -0.00325698  -0.00593607   0.00384058  -0.00325094  0.000286556   0.00291609   0.00370389   0.00241235 -0.000453231   -0.0031252  -0.00762492   -0.0044651   0.00061858   0.00360759   0.00489176   0.00584369   0.00322478 -0.000947653  -0.00431383  -0.00898845  -0.00531476   0.00136916   0.00745938   0.00859592   0.00249818    0.0042688  -0.00169502   -0.0060722  -0.00841493  -0.00456993   0.00181807   0.00796493   0.00964116    0.0053043   -0.0019481   0.00131966  -0.00759169   -0.0112614  -0.00776986   0.00113532    0.0129935    0.0169151   0.00789517  -0.00390306   -0.0113065      -0.0142  -0.00635676   -0.0125089   -0.0029017    0.0168034    0.0290955    0.0118229  -0.00708541   -0.0160657     -0.01256   -0.0132084  -0.00875219
  -0.0103481   -0.0111035  -0.00849398      0.01305    0.0581613   0.00703117   -0.0177819  -0.00646905 -0.000928302   0.00394229   0.00763397   0.00999401    0.0101209   -0.0116445   -0.0101544  -0.00564182  -0.00910557 -0.000516798   0.00379098   0.00681988    0.0087938   0.00877893  -0.00717498  -0.00572898  -0.00340714 -0.000262852   0.00262959  -0.00558167     0.004409   0.00463399   0.00446568  -0.00564647  -0.00417108  -0.00196577  0.000586649   0.00249251    0.0031203   0.00273053  -0.00110614   0.00235972  -0.00588794   -0.0044108   -0.0017231   0.00103886   0.00277212   0.00311386   0.00276815   0.00217667   -0.0056811   0.00312044  -0.00424802  -0.00201781  0.000472828   0.00246579   0.00344674   0.00317459   0.00232395  -0.00720296  -0.00575513  -0.00258733   0.00644066  0.000867231   0.00327376   0.00414136   0.00376166   0.00243074  -0.00792422  -0.00660741  -0.00291307   0.00123003   0.00391452   0.00845682   0.00432216   0.00326084   0.00105508  -0.00608265  -0.00528605  -0.00318158  0.000472332   0.00382839   0.00454292   0.00164472   0.00873922  -0.00240881  -0.00722283  -0.00740641  -0.00508427  0.000864418   0.00726273   0.00865587   0.00312541  -0.00495709   -0.0085752   -0.0125351   -0.0105156  -0.00930851  -0.00122137    0.0129477    0.0216618    0.0069949    -0.009788  -0.00667025   -0.0100577   -0.0127605
  -0.0138116   -0.0158062    -0.012812  -0.00942806   0.00703117    0.0448392  1.27178e-05   -0.0117471  -0.00577404   0.00150444   0.00934116    0.0157931    0.0178797   -0.0143421   -0.0140789   -0.0104941   -0.0132937  -0.00543841  0.000978327   0.00809743    0.0142694    0.0163664  -0.00786192  -0.00767047  -0.00674548  -0.00372918  0.000534323  -0.00995825    0.0048098   0.00774951   0.00966612  -0.00474491  -0.00462971  -0.00442335  -0.00300353 -0.000279984   0.00287859   0.00542744  -0.00472328    0.0072185  -0.00428474    -0.004299   -0.0039015  -0.00286714 -0.000508138   0.00276385   0.00587106   0.00758132  -0.00413156   0.00160037  -0.00432217  -0.00407319  -0.00247212  0.000168758   0.00326125   0.00590855   0.00756413  -0.00520937  -0.00571994  -0.00527229    0.0080411  -0.00364848 -0.000483094     0.003809   0.00775071   0.00946749  -0.00531359  -0.00628849  -0.00618505   -0.0050926  -0.00181052    0.0130345   0.00335774    0.0082926   0.00994764  -0.00306692  -0.00467215  -0.00632646  -0.00579516  -0.00278865   0.00202708   0.00597388    0.0148815    0.0068661  -0.00265872  -0.00510301  -0.00790316  -0.00864301  -0.00541719   0.00211144   0.00941125     0.008189   -0.0027225   -0.0161689  -0.00599693  -0.00995292   -0.0120628  -0.00830029   0.00497254    0.0186266   0.00859405  -0.00158176   -0.0049968   -0.0098466
   -0.014509   -0.0171353   -0.0122137   -0.0181826   -0.0177819  1.27178e-05    0.0544873   -0.0140348  -0.00854895 -0.000496855   0.00931152     0.017902    0.0211831   -0.0144112   -0.0150644   -0.0126303   -0.0145848  -0.00831086  -0.00123559    0.0078991    0.0163246    0.0197465  -0.00733064  -0.00805417  -0.00826235  -0.00575907  -0.00110315   -0.0118304   0.00438844   0.00892775    0.0122059   -0.0034892  -0.00433375  -0.00558378  -0.00519241  -0.00229138    0.0022356   0.00660274  -0.00674228   0.00987993  -0.00262151  -0.00363641  -0.00489187  -0.00525527  -0.00283642   0.00204698   0.00728612    0.0106841  -0.00259655  0.000263167   -0.0038004  -0.00488704   -0.0041347  -0.00152027   0.00253494   0.00701139    0.0106734  -0.00328724  -0.00492011  -0.00626129   0.00812115  -0.00615954  -0.00316582   0.00267688    0.0093005    0.0137288  -0.00301641   -0.0051649  -0.00726978  -0.00848885   -0.0058128     0.014633   0.00128417   0.00993571    0.0155865 -0.000900962  -0.00352392  -0.00700212  -0.00859386  -0.00726654  -0.00199758   0.00612525    0.0174046    0.0135525  0.000293031  -0.00286287  -0.00788671   -0.0124463   -0.0131068  -0.00647251   0.00754783    0.0191487  0.000907116   -0.0166774  -0.00241101  -0.00829721    -0.015492   -0.0190358   -0.0124833   0.00855771    0.0297282   0.00140677  -0.00133807  -0.00629067
   0.0673411    0.0967617   0.00512733 -0.000175931  -0.00646905   -0.0117471   -0.0140348     0.141395    0.0861694    0.0507807    0.0310907    0.0207449    0.0138244    0.0473638    0.0670682    0.0777765    0.0900059     0.058158    0.0332746    0.0174095   0.00890956   0.00376225    0.0185658    0.0263813    0.0319765    0.0266388    0.0139569     0.102057   0.00116226  -0.00778224   -0.0110831 -2.00474e-05   0.00168432   0.00518617   0.00384806  -0.00245193   -0.0105461   -0.0171589    0.0823801   -0.0190333   -0.0036426  -0.00389268  -0.00232684  -0.00387736  -0.00814631   -0.0135436   -0.0185301   -0.0201517   0.00387442    0.0559892   0.00398278   0.00355969   0.00245715  -0.00213668  -0.00948581   -0.0155561   -0.0180718    0.0106171    0.0114774    0.0103694    0.0374875   0.00788901   0.00256293  -0.00489036   -0.0112116   -0.0145772    0.0127933     0.013791    0.0124007   0.00897938   0.00335349    0.0260143  -0.00349288  -0.00933448    -0.012848    0.0110718    0.0117331    0.0107676    0.0073988   0.00180566  -0.00491499   -0.0109802    0.0181248   -0.0141617   0.00955572   0.00982864   0.00870949   0.00514745 -0.000367289  -0.00663135   -0.0120346   -0.0147453   0.00952865    0.0661672   0.00964467   0.00819128   0.00434228  -0.00118693  -0.00717183   -0.0121718   -0.0146077     0.010219    0.0103354   0.00851322
   0.0470128    0.0616677   0.00560103   0.00371017 -0.000928302  -0.00577404  -0.00854895    0.0861694      0.12804    0.0771206     0.050251    0.0366534    0.0268195     0.028442    0.0420839    0.0584615    0.0631216    0.0673712    0.0513171      0.03333    0.0220153    0.0139145   0.00238525    0.0107895     0.024878     0.033712    0.0277163    0.0814956    0.0124412  -0.00111005  -0.00737408   -0.0122457  -0.00763152   0.00276928    0.0095736   0.00711038  -0.00293691   -0.0138081    0.0918752    -0.018408    -0.013938   -0.0107749  -0.00378183  3.56284e-05  -0.00141499  -0.00747316   -0.0154535   -0.0194264  -0.00832603    0.0751763  -0.00475157   0.00149319   0.00694535   0.00541663   -0.0028555   -0.0113522   -0.0159634  -0.00185224   0.00221085   0.00731829    0.0546026    0.0110664   0.00925192    0.0020627  -0.00571466   -0.0108251   0.00112877   0.00492323   0.00864611     0.010516   0.00855655    0.0407356   0.00307633  -0.00327849  -0.00809706 -0.000215009   0.00290965   0.00673606   0.00860379   0.00664199    0.0012169  -0.00514943      0.03042  -0.00929791 -0.000903227   0.00152053   0.00451631    0.0056233   0.00368677  -0.00089272  -0.00624671  -0.00968212 -0.000427097    0.0441372   0.00161809   0.00390365   0.00436168   0.00240738  -0.00154327  -0.00618208  -0.00919759  0.000290889   0.00217065   0.00442035
   0.0312504    0.0376646   0.00361492   0.00531079   0.00394229   0.00150444 -0.000496855    0.0507807    0.0771206     0.127624    0.0853763    0.0605477    0.0429789    0.0148978    0.0227655    0.0336356    0.0415722    0.0512554    0.0670495    0.0579062    0.0411978    0.0273043  -0.00690878  -0.00106846    0.0123472    0.0276151    0.0336392    0.0550923    0.0247662     0.010505   0.00159659   -0.0181324   -0.0141151  -0.00329859   0.00690038   0.00961317   0.00292435  -0.00758847    0.0752221   -0.0128774   -0.0191511   -0.0157216  -0.00785241  -0.00164256  3.88742e-05  -0.00364217   -0.0107911   -0.0145565   -0.0156979    0.0915031   -0.0115169  -0.00312885   0.00526262   0.00693658   0.00149626  -0.00496182  -0.00897498   -0.0105007  -0.00572276    0.0019105    0.0807761   0.00910833     0.010978   0.00715444   0.00183074  -0.00251279  -0.00770591  -0.00316292   0.00301103   0.00841714    0.0103301    0.0621658   0.00835713   0.00444557  0.000464095  -0.00887863  -0.00499849    0.0011947    0.0065229   0.00838684    0.0063841    0.0023908    0.0461083 -0.000894307  -0.00920028  -0.00605952 -0.000889435   0.00355789   0.00537244   0.00411797  0.000970606  -0.00162034  -0.00863606    0.0279002     -0.00592   -0.0014998   0.00228033   0.00407268   0.00345021   0.00100218  -0.00119578  -0.00795967  -0.00544795 -0.000836258
   0.0186661    0.0212886 -0.000634902   0.00444924   0.00763397   0.00934116   0.00931152    0.0310907     0.050251    0.0853763     0.140543     0.095853    0.0651756   0.00441657   0.00928723    0.0173054    0.0264308    0.0327534    0.0574606    0.0770635    0.0662216    0.0462076    -0.010881  -0.00792075  0.000903762    0.0136972    0.0263557    0.0375099    0.0315548    0.0256924    0.0173152   -0.0189786   -0.0175106   -0.0109324  -0.00274276   0.00364336    0.0049058   0.00113728    0.0556008  -0.00123642   -0.0200939    -0.018845   -0.0139436  -0.00850069  -0.00417582  -0.00267275  -0.00450175  -0.00479367   -0.0180606    0.0817279   -0.0158441  -0.00981676  -0.00238093   0.00219171   0.00307222   0.00315071   0.00272116    -0.014511   -0.0114009  -0.00517646     0.101297   0.00225505    0.0074896   0.00972226    0.0105445    0.0095817   -0.0127027  -0.00944023  -0.00376991   0.00294811   0.00842103    0.0892022    0.0116449    0.0128599    0.0118709   -0.0139861   -0.0110828  -0.00519705   0.00139658   0.00681128      0.00996     0.010783    0.0665613    0.0101619   -0.0145046   -0.0121253  -0.00693131 -0.000833437   0.00449277   0.00785767   0.00887708   0.00865079   -0.0142862    0.0145647   -0.0122113  -0.00746852  -0.00169444   0.00362645   0.00729234   0.00866526   0.00862306   -0.0136849   -0.0117304  -0.00671593
  0.00977739    0.0109748  -0.00505305   0.00260807   0.00999401    0.0157931     0.017902    0.0207449    0.0366534    0.0605477     0.095853     0.147805     0.099954  -0.00268107   0.00104217   0.00845818     0.016637    0.0216691    0.0411209    0.0661587    0.0840669    0.0723926   -0.0120849   -0.0110214  -0.00630853   0.00181922    0.0141723    0.0270047    0.0282652    0.0368153    0.0364538    -0.017874   -0.0186382    -0.016347   -0.0115411  -0.00414027   0.00377082   0.00898016    0.0423454     0.012781   -0.0192801   -0.0203314    -0.018722   -0.0148561   -0.0090286  -0.00279814   0.00172721    0.0064512   -0.0178485    0.0637154   -0.0180539   -0.0155986   -0.0105653  -0.00397793   0.00327981    0.0105472    0.0146502   -0.0156898    -0.014872   -0.0114842    0.0901377  -0.00538227   0.00225501    0.0104035    0.0177508    0.0208736   -0.0149782   -0.0136348  -0.00973778  -0.00308808   0.00495847     0.107486    0.0129998    0.0194952     0.022021   -0.0164025   -0.0150654   -0.0106857  -0.00415196     0.003881    0.0118601    0.0176575    0.0928794    0.0200761   -0.0172837   -0.0161813   -0.0119769  -0.00537474   0.00258885    0.0101927    0.0154535    0.0178574   -0.0175273   0.00505844   -0.0165592   -0.0124087  -0.00568228   0.00231486   0.00981436    0.0149923    0.0173076   -0.0170199   -0.0160563   -0.0116419
  0.00421277   0.00473244  -0.00733063  0.000959279    0.0101209    0.0178797    0.0211831    0.0138244    0.0268195    0.0429789    0.0651756     0.099954     0.153364  -0.00599193  -0.00304566   0.00354403     0.010045    0.0141685     0.027581    0.0456612    0.0713474    0.0920313   -0.0112153   -0.0110689  -0.00889177  -0.00445431   0.00470774    0.0191904    0.0189715    0.0352345     0.048278   -0.0152025   -0.0169189   -0.0170232   -0.0148326  -0.00886162  0.000396339    0.0106242    0.0316126    0.0212467    -0.016607   -0.0187375   -0.0190554   -0.0166853   -0.0113646  -0.00391495   0.00399111    0.0129027   -0.0154648    0.0473716   -0.0170657    -0.017138   -0.0144388  -0.00781102   0.00222725    0.0133119    0.0206458   -0.0143007   -0.0150124   -0.0139272    0.0679187  -0.00961716  -0.00162213   0.00919414    0.0200025    0.0258559   -0.0143351   -0.0143961   -0.0122118  -0.00657633     0.001985     0.093855     0.012087    0.0213206    0.0261048   -0.0156726   -0.0155409   -0.0127822   -0.0072451   0.00136627    0.0114486    0.0198192     0.111903    0.0241024   -0.0167033   -0.0166055   -0.0136653  -0.00768951  0.000882722    0.0102407    0.0176306    0.0215758   -0.0172242 -0.000357936   -0.0171396   -0.0139875  -0.00760154    0.0010329    0.0100333    0.0170527    0.0207054   -0.0168274   -0.0166712   -0.0133059
   0.0683334    0.0736844   0.00108742  -0.00651927   -0.0116445   -0.0143421   -0.0144112    0.0473638     0.028442    0.0148978   0.00441657  -0.00268107  -0.00599193      0.13009    0.0738353    0.0385386    0.0591776    0.0186499   0.00642397   -0.0021485  -0.00720173  -0.00892569    0.0640347    0.0405049    0.0164759    0.0010268  -0.00681137    0.0439288  -0.00968088   -0.0104027   -0.0100187    0.0233188   0.00876536   -0.0027522   -0.0104035   -0.0140916   -0.0145717   -0.0133078    0.0295752   -0.0115083    0.0102691 -0.000374562  -0.00740679   -0.0124659   -0.0153165     -0.01595   -0.0145719   -0.0123868    0.0197389    0.0177446     0.011583   0.00014049  -0.00912546   -0.0140869   -0.0149577   -0.0137649   -0.0119005    0.0264642    0.0203367   0.00872616   0.00826509  -0.00224146  -0.00947193   -0.0125781   -0.0127681   -0.0116558    0.0268221    0.0220477    0.0123055   0.00201876  -0.00615199    0.0014546   -0.0110559    -0.012571    -0.012124    0.0240762    0.0199413     0.011502   0.00140538  -0.00675167   -0.0114286   -0.0133757  -0.00237144   -0.0131887    0.0208931    0.0171775    0.0100176  0.000986997  -0.00695919   -0.0120503   -0.0142326   -0.0141177    0.0197519    0.0936951     0.016398    0.0097335    0.0012299  -0.00668883   -0.0122399   -0.0147359   -0.0146978    0.0203636    0.0173656     0.009864
   0.0573672    0.0849882   0.00284684  -0.00424035   -0.0101544   -0.0140789   -0.0150644    0.0670682    0.0420839    0.0227655   0.00928723   0.00104217  -0.00304566    0.0738353     0.118737    0.0667037    0.0615605    0.0341305    0.0138877   0.00145882  -0.00502199  -0.00745926    0.0414142    0.0499893    0.0343462    0.0128255  -0.00137635    0.0534706  -0.00837571   -0.0111466   -0.0113234    0.0108076   0.00904281   0.00379587  -0.00531239   -0.0123742     -0.01529   -0.0154121    0.0387985   -0.0140054    0.0019464  -0.00238066  -0.00564136   -0.0107016   -0.0149471   -0.0167786   -0.0165152   -0.0149178      0.01283    0.0244922   0.00878651   0.00137654  -0.00543465   -0.0107581   -0.0140489   -0.0151268   -0.0144208    0.0211682    0.0182228    0.0102489    0.0131515   0.00188221  -0.00521351   -0.0103426    -0.012909     -0.01332    0.0227308    0.0204775    0.0135839   0.00532763  -0.00249504   0.00533586  -0.00863695   -0.0120417   -0.0131012    0.0200693     0.017938    0.0121701   0.00416456  -0.00354372  -0.00941725   -0.0131864  0.000747412   -0.0143349    0.0172107    0.0150855    0.0101068   0.00280431  -0.00463898   -0.0105206   -0.0141415   -0.0151579    0.0164481    0.0725684    0.0144325   0.00961897   0.00257246  -0.00481389   -0.0108532   -0.0145102   -0.0154743    0.0172305    0.0154153   0.00987067
     0.04213    0.0670897   0.00476772  8.71342e-05  -0.00564182   -0.0104941   -0.0126303    0.0777765    0.0584615    0.0336356    0.0173054   0.00845818   0.00354403    0.0385386    0.0667037     0.112218     0.052692    0.0600951    0.0275327   0.00963033   0.00110566  -0.00271196    0.0142077    0.0315636    0.0467284    0.0329095    0.0120746    0.0553382   -0.0019817  -0.00922951   -0.0112357  -0.00503198  0.000759886   0.00739145   0.00397778    -0.004671   -0.0115881   -0.0153728    0.0460748   -0.0157759  -0.00882069  -0.00778257  -0.00492671  -0.00653809   -0.0104447   -0.0137881   -0.0161654   -0.0164458  0.000841603    0.0317459   0.00139437   0.00131707  0.000773728   -0.0030305  -0.00920575   -0.0139019   -0.0155233   0.00939806    0.0105952    0.0096198    0.0197683   0.00754481   0.00272469  -0.00424757   -0.0100458   -0.0129511     0.012154    0.0134738    0.0122537   0.00915421   0.00388036      0.01182  -0.00268806  -0.00828665   -0.0115664   0.00994331    0.0108634    0.0103034   0.00734831   0.00220142  -0.00408262  -0.00980103   0.00673419   -0.0128035    0.0080163   0.00846833   0.00780677   0.00479215 -0.000129778  -0.00581998   -0.0108042   -0.0133335   0.00790917    0.0468047   0.00815806   0.00714069   0.00388564 -0.000983916  -0.00635161   -0.0109207   -0.0131816   0.00878011   0.00901421   0.00758316
    0.119255     0.108154   0.00335812  -0.00320525  -0.00910557   -0.0132937   -0.0145848    0.0900059    0.0631216    0.0415722    0.0264308     0.016637     0.010045    0.0591776    0.0615605     0.052692     0.168483    0.0377376    0.0233092    0.0122472   0.00533311   0.00115151    0.0300706    0.0277277    0.0220376    0.0132232   0.00423697     0.116103   -0.0029819     -0.00806  -0.00979822    0.0122808   0.00803925   0.00383466  -0.00194682  -0.00797596   -0.0129107   -0.0161569    0.0790088   -0.0163148   0.00751318   0.00323615 -0.000674189  -0.00587798   -0.0111355   -0.0153326   -0.0178618   -0.0177133    0.0133878    0.0531769    0.0100628   0.00426038  -0.00171554  -0.00756742   -0.0125371   -0.0154376   -0.0159034    0.0177483    0.0154967   0.00980878    0.0355279   0.00323692  -0.00329493   -0.0088671   -0.0122928   -0.0135247    0.0184338    0.0167543    0.0117857   0.00531222  -0.00147242    0.0236631  -0.00735492   -0.0110832   -0.0127021    0.0169673    0.0153816    0.0108961   0.00441105  -0.00239456  -0.00821336   -0.0123903    0.0155113   -0.0139954    0.0153011    0.0137211   0.00961317   0.00334421  -0.00346244  -0.00935161   -0.0133767   -0.0148075    0.0148956    0.0946173     0.013404    0.0093498   0.00312608  -0.00373261  -0.00972259   -0.0136961   -0.0150284    0.0153309    0.0139906     0.009435
   0.0286124    0.0421817   0.00576612   0.00410597 -0.000516798  -0.00543841  -0.00831086     0.058158    0.0673712    0.0512554    0.0327534    0.0216691    0.0141685    0.0186499    0.0341305    0.0600951    0.0377376     0.104706    0.0548995    0.0272388     0.013219   0.00553754  -0.00209374   0.00977268    0.0321998    0.0484034    0.0339544    0.0452547    0.0117084  -0.00332459  -0.00949823   -0.0146829  -0.00848446   0.00398658    0.0111363   0.00669202  -0.00393792   -0.0135627    0.0469947   -0.0173807   -0.0158809   -0.0125175  -0.00566937  -0.00261099  -0.00422629  -0.00892115   -0.0149952    -0.017931  -0.00975124    0.0401583  -0.00614009  0.000151468   0.00592974   0.00460099  -0.00342084   -0.0112202    -0.015232  -0.00263945   0.00170316   0.00724045    0.0304218    0.0115802    0.0099291   0.00246203  -0.00545396   -0.0104881  0.000624184    0.0048132   0.00903655    0.0114055   0.00957202    0.0224976   0.00381975  -0.00285989  -0.00784597 -0.000971921   0.00250475   0.00687992   0.00919345   0.00739783    0.0018456  -0.00478652    0.0161529  -0.00912285  -0.00183014   0.00085533   0.00430986   0.00581204    0.0040956 -0.000464655  -0.00595649  -0.00952681  -0.00134542    0.0287557  0.000908075   0.00357959   0.00439665   0.00268651  -0.00117683  -0.00588637  -0.00900556 -0.000512329   0.00155594   0.00418182
   0.0169954    0.0226176   0.00403544   0.00554177   0.00379098  0.000978327  -0.00123559    0.0332746    0.0513171    0.0670495    0.0574606    0.0411209     0.027581   0.00642397    0.0138877    0.0275327    0.0233092    0.0548995     0.104499    0.0596733    0.0333655    0.0175687  -0.00918281  -0.00336081    0.0115956    0.0338874    0.0484265    0.0309132    0.0322537   0.00969452  -0.00270938   -0.0172938   -0.0139412  -0.00431784   0.00651092    0.0112662   0.00431937  -0.00820353    0.0402444    -0.015078   -0.0178435   -0.0153412  -0.00931592  -0.00442073  -0.00251224  -0.00536394   -0.0123166   -0.0162774   -0.0151146    0.0466847   -0.0114496  -0.00369766   0.00449523    0.0060154  0.000281907  -0.00620727   -0.0102517   -0.0102577    -0.005507   0.00231244    0.0445896    0.0098282    0.0115682   0.00716512   0.00140808  -0.00321371   -0.0075204  -0.00278196   0.00375257   0.00946699    0.0112786    0.0368025   0.00881835    0.0043995  1.72228e-05  -0.00877896   -0.0046932   0.00180735   0.00730878    0.0090402   0.00660616   0.00206177    0.0276663   -0.0015908  -0.00912706  -0.00583673 -0.000487354   0.00399055   0.00562681   0.00399969  0.000394664  -0.00248202  -0.00852733    0.0152126  -0.00569244  -0.00116141   0.00258083   0.00417329   0.00321802  0.000384998  -0.00204812  -0.00780449  -0.00517969  -0.00044951
  0.00728659   0.00898031 -0.000261695   0.00422146   0.00681988   0.00809743    0.0078991    0.0174095      0.03333    0.0579062    0.0770635    0.0661587    0.0456612   -0.0021485   0.00145882   0.00963033    0.0122472    0.0272388    0.0596733     0.111727    0.0659526    0.0373113   -0.0111307  -0.00935239  -0.00216368    0.0119343    0.0328258    0.0198772    0.0466059    0.0311894      0.01309   -0.0158405   -0.0156938   -0.0119087  -0.00487135   0.00395626   0.00744635  0.000618806    0.0315115   -0.0060166   -0.0165117   -0.0164625   -0.0141146   -0.0106873  -0.00664122  -0.00496771  -0.00804626  -0.00976698   -0.0156075    0.0455758   -0.0141714  -0.00944474  -0.00312517  0.000707048   0.00105132  0.000751868 -0.000213013   -0.0129358   -0.0102076  -0.00443906    0.0546496   0.00255606   0.00730416   0.00911213   0.00974464    0.0084022   -0.0114514  -0.00836485  -0.00288167   0.00359297    0.0087191    0.0518431    0.0115965     0.012592    0.0112535   -0.0126742  -0.00989814  -0.00429515   0.00190959   0.00688797     0.009595   0.00996893    0.0412215   0.00905655   -0.0131496   -0.0108972    -0.006059  -0.00048562     0.004265   0.00706604   0.00759139   0.00713908   -0.0129219   0.00423887   -0.0109643  -0.00658954  -0.00138486   0.00329784   0.00636058   0.00726156    0.0070324   -0.0123437    -0.010486  -0.00583179
 0.000977823   0.00108916  -0.00486384   0.00199259    0.0087938    0.0142694    0.0163246   0.00890956    0.0220153    0.0411978    0.0662216    0.0840669    0.0713474  -0.00720173  -0.00502199   0.00110566   0.00533311     0.013219    0.0333655    0.0659526     0.117779    0.0722666   -0.0113606   -0.0113647  -0.00866176  -0.00165457    0.0124922    0.0128212    0.0337843    0.0489637    0.0394759   -0.0141431   -0.0156768   -0.0155606   -0.0126166  -0.00560018    0.0032995   0.00808138    0.0238736   0.00887442   -0.0150568   -0.0167464   -0.0170364   -0.0152528    -0.011096  -0.00624127  -0.00340738  0.000185661   -0.0145966      0.03804   -0.0153684   -0.0142555   -0.0109284  -0.00578085  0.000600144   0.00749111    0.0111727   -0.0134379   -0.0131086   -0.0105714    0.0526847  -0.00550932    0.0013409   0.00929263    0.0168748    0.0198286   -0.0131464   -0.0122193  -0.00893583  -0.00297556   0.00457902    0.0607268    0.0125295     0.019233    0.0216584   -0.0143635   -0.0134039  -0.00977259  -0.00405008   0.00339182    0.0110796    0.0167045    0.0564266    0.0190481   -0.0151411   -0.0143814   -0.0109381  -0.00523968   0.00194499     0.008989    0.0138937    0.0162361   -0.0153997  -0.00271866   -0.0147378   -0.0113071   -0.0054914   0.00164487   0.00847867    0.0132631    0.0155236   -0.0149687   -0.0142746   -0.0105741
 -0.00241065  -0.00297042  -0.00733394  0.000105488   0.00877893    0.0163664    0.0197465   0.00376225    0.0139145    0.0273043    0.0462076    0.0723926    0.0920313  -0.00892569  -0.00745926  -0.00271196   0.00115151   0.00553754    0.0175687    0.0373113    0.0722666     0.127823   -0.0101511   -0.0106849   -0.0100527  -0.00726931    0.0003137   0.00767032    0.0152523    0.0385504    0.0610723    -0.011691   -0.0135536   -0.0148419   -0.0144379    -0.011046   -0.0039493   0.00679534    0.0169026    0.0203039   -0.0125769   -0.0147961   -0.0162143   -0.0157178   -0.0131527  -0.00856653  -0.00217175   0.00771026   -0.0121121    0.0286082   -0.0140101   -0.0152397   -0.0144681  -0.00978189 -0.000965037   0.00999381    0.0178277    -0.011858   -0.0130315   -0.0129337    0.0429205  -0.00997584  -0.00300933   0.00764566    0.0190137      0.02525    -0.012303   -0.0128683   -0.0115037   -0.0068086   0.00113012    0.0580914      0.01123    0.0209523    0.0260235    -0.013354   -0.0137164   -0.0119429  -0.00744622  0.000487638    0.0103887    0.0188381    0.0670906     0.023326   -0.0142601   -0.0146145   -0.0126368  -0.00774289 -1.67762e-05   0.00885879    0.0160803    0.0201663   -0.0148131  -0.00597818   -0.0151381   -0.0128791  -0.00754734  0.000170167   0.00855967    0.0153325    0.0190871   -0.0145115   -0.0147248   -0.0122585
   0.0377117    0.0383239 -0.000542201  -0.00490717  -0.00717498  -0.00786192  -0.00733064    0.0185658   0.00238525  -0.00690878    -0.010881   -0.0120849   -0.0112153    0.0640347    0.0414142    0.0142077    0.0300706  -0.00209374  -0.00918281   -0.0111307   -0.0113606   -0.0101511     0.084514    0.0276755   0.00224361  -0.00647298  -0.00849374    0.0173969   -0.0085788  -0.00739024  -0.00624104    0.0226114   0.00078309   -0.0106072     -0.01097  -0.00850853  -0.00673738   -0.0050885   0.00521814  -0.00401968   0.00148689    -0.010141   -0.0136431   -0.0119435  -0.00900017  -0.00687949  -0.00500626  -0.00375943    0.0107616  -0.00328216    0.0030142  -0.00541114  -0.00974442  -0.00995381  -0.00784834  -0.00577346  -0.00433291    0.0187739    0.0132699   0.00377548  -0.00791188  -0.00377517  -0.00732238  -0.00768715  -0.00667152  -0.00540917    0.0197278    0.0156025   0.00764309  0.000160052  -0.00485109  -0.00974217  -0.00713386  -0.00720437  -0.00626213    0.0165995    0.0131615   0.00681553 -0.000311941  -0.00530745  -0.00728263  -0.00736126  -0.00954157  -0.00654972    0.0132865    0.0102738   0.00524509 -0.000677866  -0.00529289  -0.00749469   -0.0077337  -0.00698111    0.0121295    0.0506603   0.00944863   0.00489391 -0.000466989  -0.00496327  -0.00753065  -0.00807328  -0.00740951    0.0128397     0.010473   0.00519423
   0.0286206    0.0380935   0.00126508  -0.00262811  -0.00572898  -0.00767047  -0.00805417    0.0263813    0.0107895  -0.00106846  -0.00792075   -0.0110214   -0.0110689    0.0405049    0.0499893    0.0315636    0.0277277   0.00977268  -0.00336081  -0.00935239   -0.0113647   -0.0106849    0.0276755    0.0710107    0.0273489   0.00459095  -0.00585546    0.0202497  -0.00925654  -0.00874326  -0.00738613   0.00137142    0.0103693   0.00445308  -0.00487104  -0.00911618  -0.00923803  -0.00718383   0.00996064  -0.00542883  -0.00958293  -0.00920474  -0.00813001    -0.009546   -0.0101237  -0.00900355  -0.00692828  -0.00530093    0.0027102  0.000941093   0.00117916  -0.00281479  -0.00582707  -0.00742636  -0.00776926  -0.00726781  -0.00631882     0.012909    0.0114722   0.00578422  -0.00513671  0.000390159  -0.00349841  -0.00595859  -0.00700132  -0.00687147    0.0153493     0.014167   0.00912922   0.00347024  -0.00143127  -0.00830134  -0.00501508  -0.00684105  -0.00719762    0.0124657    0.0112587   0.00762392   0.00248446  -0.00219718  -0.00543187  -0.00728953  -0.00895832  -0.00771356   0.00957197   0.00828525   0.00546211   0.00120714  -0.00299295  -0.00604349  -0.00772095  -0.00805802   0.00883703    0.0370025   0.00757957   0.00488933  0.000944358  -0.00308355  -0.00619137  -0.00791274  -0.00823817   0.00972163   0.00859043   0.00527887
   0.0177361    0.0291368   0.00337346  0.000442184  -0.00340714  -0.00674548  -0.00826235    0.0319765     0.024878    0.0123472  0.000903762  -0.00630853  -0.00889177    0.0164759    0.0343462    0.0467284    0.0220376    0.0321998    0.0115956  -0.00216368  -0.00866176   -0.0100527   0.00224361    0.0273489    0.0767891    0.0297173    0.0035516    0.0224466  -0.00702479  -0.00922848  -0.00857828   -0.0109491   0.00374415     0.019248   0.00764678  -0.00701634   -0.0114389  -0.00996289     0.017977  -0.00777726   -0.0136473   -0.0086346  -0.00282779  -0.00587961   -0.0109038   -0.0116523    -0.009848  -0.00791177  -0.00355613    0.0102935  -0.00155683 -0.000503889 -0.000584252  -0.00341553   -0.0072088   -0.0090261  -0.00888452   0.00525926   0.00697776   0.00667089   0.00240177   0.00554196   0.00217803   -0.0028256  -0.00664085  -0.00817186    0.0082197   0.00978731   0.00919157   0.00720153   0.00347274  -0.00336505  -0.00134363  -0.00538185  -0.00757046   0.00617782   0.00729589   0.00741445   0.00565312   0.00215613  -0.00227926  -0.00634803  -0.00610355  -0.00845351   0.00438416   0.00502787   0.00509671   0.00341833  0.000257451  -0.00356577  -0.00700836  -0.00878311   0.00426111    0.0202271   0.00467855   0.00443637   0.00261347 -0.000430639  -0.00394601  -0.00705581  -0.00864422   0.00509664   0.00546792   0.00487167
  0.00705847    0.0147485   0.00409044    0.0029943 -0.000262852  -0.00372918  -0.00575907    0.0266388     0.033712    0.0276151    0.0136972   0.00181922  -0.00445431    0.0010268    0.0128255    0.0329095    0.0132232    0.0484034    0.0338874    0.0119343  -0.00165457  -0.00726931  -0.00647298   0.00459095    0.0297173    0.0742415    0.0267285    0.0198121   0.00362791  -0.00577578   -0.0085604   -0.0121984  -0.00617824    0.0070148    0.0152385    0.0028696   -0.0073885   -0.0100984    0.0230355  -0.00976196   -0.0125848   -0.0104674  -0.00619063   -0.0060013  -0.00936695   -0.0110665   -0.0110104   -0.0099602  -0.00757781    0.0198178  -0.00559546  -0.00201301   0.00163636   0.00020513  -0.00503486  -0.00841823  -0.00925623  -0.00177929   0.00119948   0.00500713    0.0118816   0.00832415   0.00700628   0.00140157  -0.00375413  -0.00653279  0.000796453   0.00396824   0.00716467   0.00912856   0.00774754   0.00379985   0.00330023  -0.00155083  -0.00493742  -0.00072805   0.00194106   0.00532334   0.00710436   0.00582235   0.00176992  -0.00308067  -0.00143289  -0.00616654    -0.001675  0.000336388   0.00298919   0.00415992    0.0029967 -0.000215355  -0.00415673  -0.00668076  -0.00138603   0.00555655   0.00026537   0.00229989   0.00297718   0.00184664 -0.000828357  -0.00416282  -0.00635284 -0.000629948  0.000883687   0.00283968
-0.000853729   0.00226917   0.00296966   0.00399215   0.00262959  0.000534323  -0.00110315    0.0139569    0.0277163    0.0336392    0.0263557    0.0141723   0.00470774  -0.00681137  -0.00137635    0.0120746   0.00423697    0.0339544    0.0484265    0.0328258    0.0124922    0.0003137  -0.00849374  -0.00585546    0.0035516    0.0267285    0.0743605    0.0121483    0.0299308   0.00473868  -0.00677461   -0.0098912   -0.0103407  -0.00759813   0.00280169     0.015399   0.00738797  -0.00579529    0.0199029   -0.0122704    -0.010102   -0.0112466   -0.0112758   -0.0094363  -0.00585051  -0.00585571   -0.0101594   -0.0126584  -0.00933005    0.0229268  -0.00856886  -0.00515247  0.000222382   0.00178578  -0.00184209  -0.00556396  -0.00781172  -0.00645886  -0.00377397   0.00136436    0.0194816   0.00701157   0.00838308    0.0049942   0.00101171  -0.00213281  -0.00476426  -0.00149205   0.00329437   0.00772873   0.00908234    0.0126592   0.00703842    0.0036864  0.000391734  -0.00600216  -0.00305916   0.00174697   0.00580241   0.00705183   0.00517558   0.00165905   0.00632527  -0.00113887    -0.006492  -0.00414372 -0.000253272    0.0029492   0.00408505   0.00283196  6.55496e-05  -0.00209886   -0.0061116  -0.00382618  -0.00410302  -0.00084729   0.00179048   0.00287356   0.00211249 -4.09223e-05  -0.00184139  -0.00549546  -0.00362174 -0.000240536
    0.082638    0.0909212   0.00421446 -0.000312782  -0.00558167  -0.00995825   -0.0118304     0.102057    0.0814956    0.0550923    0.0375099    0.0270047    0.0191904    0.0439288    0.0534706    0.0553382     0.116103    0.0452547    0.0309132    0.0198772    0.0128212   0.00767032    0.0173969    0.0202497    0.0224466    0.0198121    0.0121483     0.163428   0.00263123   -0.0050485  -0.00816504   0.00177783    0.0016373   0.00351196   0.00278994  -0.00177992  -0.00869068   -0.0148952     0.109428   -0.0167294  -0.00137113  -0.00221473  -0.00145144  -0.00284009  -0.00654635   -0.0116088   -0.0164449   -0.0180136   0.00422945    0.0727657   0.00398955   0.00334362   0.00212989  -0.00190866  -0.00819492   -0.0134097   -0.0156025   0.00927689   0.00974656   0.00863705     0.049622   0.00638321   0.00187901  -0.00424152  -0.00938863   -0.0121851    0.0108728    0.0115023    0.0102029   0.00724966    0.0025628    0.0351841  -0.00302227   -0.0077348   -0.0106126   0.00955121   0.00994244   0.00894134    0.0059941   0.00129858  -0.00424166   -0.0092156    0.0251016   -0.0118145   0.00837261   0.00847783   0.00735162   0.00421797  -0.00046891  -0.00571042   -0.0101933   -0.0124106   0.00835011    0.0687487   0.00834822   0.00696472   0.00359254  -0.00113123  -0.00617469    -0.010341   -0.0123351   0.00887555   0.00888745   0.00720811
 -0.00560563  -0.00589084  0.000335212    0.0031271     0.004409    0.0048098   0.00438844   0.00116226    0.0124412    0.0247662    0.0315548    0.0282652    0.0189715  -0.00968088  -0.00837571   -0.0019817   -0.0029819    0.0117084    0.0322537    0.0466059    0.0337843    0.0152523   -0.0085788  -0.00925654  -0.00702479   0.00362791    0.0299308   0.00263123    0.0770837    0.0274209   0.00140429  -0.00795258   -0.0101274   -0.0115635  -0.00702324   0.00789894    0.0197552   0.00415328    0.0103339   -0.0115315  -0.00810912   -0.0100232   -0.0117752   -0.0109094  -0.00565968  -0.00241715  -0.00838307   -0.0142131  -0.00907143    0.0177831   -0.0091929  -0.00724594  -0.00325473 -0.000326172 -0.000371197  -0.00179261  -0.00431575  -0.00822408  -0.00671863  -0.00282999    0.0219534   0.00225777   0.00560143   0.00649876    0.0064399   0.00449341  -0.00751609  -0.00539625  -0.00136892   0.00342371   0.00704793     0.021217   0.00883075   0.00916752   0.00751138  -0.00841007   -0.0064089  -0.00233796   0.00210528   0.00548024   0.00699328   0.00664467     0.016731   0.00546621  -0.00870718  -0.00707416  -0.00365647  0.000141936   0.00318204   0.00464952   0.00439977   0.00368001  -0.00851113  -0.00835498  -0.00708195   -0.0040374 -0.000589395   0.00232368   0.00396227   0.00404286   0.00355835  -0.00811002  -0.00673677  -0.00346105
