   104   104     1
    0.176244     0.098021    0.0027455   -0.0018343  -0.00586884  -0.00870742   -0.0096994    0.0695439    0.0469521    0.0305302    0.0189113    0.0112498   0.00633782    0.0728947    0.0616667    0.0448219     0.122727    0.0295993     0.017676   0.00903134   0.00369864  0.000645806    0.0396091    0.0308986    0.0206434    0.0107138   0.00309034    0.0844305  -0.00180573  -0.00477284  -0.00581307    0.0188162    0.0113047   0.00462493  -0.00172597   -0.0066432  -0.00954098   -0.0107972    0.0574923   -0.0104523    0.0110452   0.00475855 -0.000618454  -0.00594095   -0.0102082   -0.0127759   -0.0136044   -0.0128386     0.013927     0.038616   0.00900042   0.00215594  -0.00419044   -0.0092517   -0.0125855   -0.0140252    -0.013576    0.0166316    0.0130194   0.00643303    0.0254343 -0.000543956  -0.00650674   -0.0107528   -0.0129136   -0.0130708    0.0172079    0.0145875   0.00898092   0.00222964  -0.00411055    0.0164172  -0.00899662   -0.0117638   -0.0124598    0.0165099    0.0145298   0.00970411   0.00339163  -0.00289359  -0.00803481   -0.0113934    0.0103544   -0.0124111    0.0149654    0.0133928   0.00929871   0.00363183  -0.00230102  -0.00737388   -0.0107422   -0.0118645    0.0131584     0.117885    0.0118468   0.00833474   0.00335311  -0.00201904  -0.00671303  -0.00984275    -0.010937    0.0112474    0.0101213   0.00702015
    0.098021      0.15406   0.00322081  -0.00195434  -0.00660224  -0.00993166   -0.0111463     0.101421    0.0651663    0.0403835    0.0236696    0.0130713   0.00658494     0.079017    0.0907325    0.0723335     0.112616     0.046601    0.0265167    0.0126883    0.0044398 -5.01343e-05    0.0421972    0.0426648    0.0342431    0.0202179    0.0077127    0.0947165 -0.000788211   -0.0059317  -0.00789642    0.0169902    0.0132857   0.00837369  0.000918699  -0.00621024   -0.0110149    -0.013483    0.0674821   -0.0135228   0.00815769   0.00342261 -0.000884912  -0.00653639   -0.0118264   -0.0153767   -0.0168732   -0.0162231    0.0131209    0.0452802   0.00889911   0.00206637  -0.00467522   -0.0105886   -0.0149297   -0.0170312    -0.016727    0.0177099    0.0145364   0.00757701    0.0291744 -0.000117245  -0.00706276   -0.0123639    -0.015268   -0.0157032     0.019102    0.0168037    0.0107879   0.00322499  -0.00414443    0.0181435   -0.0100655   -0.0135959   -0.0146555    0.0183412    0.0165867     0.011486   0.00446141  -0.00277729  -0.00889538   -0.0130365    0.0108589   -0.0144291    0.0165408    0.0151014    0.0107813    0.0045168   -0.0022473  -0.00818764   -0.0122486   -0.0137059    0.0145149     0.106219    0.0132617   0.00951842   0.00401235  -0.00207383  -0.00750618   -0.0112156   -0.0125881    0.0124237    0.0113044   0.00795252
   0.0027455   0.00322081    0.0840967    0.0367891   0.00765267  -0.00914406   -0.0160137   0.00213658  0.000584305  -0.00115589  -0.00283393  -0.00412685  -0.00461882   0.00364703   0.00347443   0.00242385   0.00248301   0.00083106  -0.00108526  -0.00302457  -0.00458539  -0.00521282   0.00320491   0.00317889   0.00260631   0.00124702  -0.00070018   0.00162331  -0.00279652  -0.00443749    -0.005231   0.00348078   0.00364304     0.003174   0.00183976 -0.000189675  -0.00246866  -0.00439767  0.000384649  -0.00536342   0.00424243   0.00460289   0.00392551   0.00233328  0.000167862  -0.00215151   -0.0041847  -0.00527723   0.00443596 -0.000992634   0.00496776   0.00390852   0.00203097 -0.000175127  -0.00228135  -0.00384707  -0.00498596   0.00212013   0.00286117   0.00197766  -0.00228128  0.000490666  -0.00152946  -0.00375656  -0.00549967  -0.00666456  -0.00399176  -0.00268504   -0.0018782  -0.00167235  -0.00324672  -0.00323554  -0.00614882  -0.00873389   -0.0100946   -0.0128146  -0.00985635  -0.00429224  -0.00106135  -0.00258194  -0.00731731   -0.0119279  -0.00362478   -0.0140218    -0.016753   -0.0103638   0.00135257    0.0093214   0.00559994  -0.00467967   -0.0130853   -0.0166918   -0.0164755   0.00346805  -0.00497447    0.0174578     0.035238    0.0224825   0.00151804   -0.0121139   -0.0176419   -0.0137974   0.00113813    0.0333571
  -0.0018343  -0.00195434    0.0367891    0.0863509    0.0377476   0.00670861  -0.00874366 -0.000967012   0.00019419   0.00119885   0.00188534    0.0022164   0.00213611  -0.00270539  -0.00217456  -0.00102705  -0.00148133  0.000291094   0.00140272   0.00212479   0.00244264   0.00228709  -0.00262192  -0.00200843 -0.000913982   0.00033976   0.00141728 -0.000761784   0.00210802   0.00229577   0.00204923  -0.00263816  -0.00193107 -0.000744729  0.000466049   0.00139519   0.00190258   0.00196113   0.00010458   0.00160499  -0.00245815  -0.00168507  -0.00061364  0.000342344  0.000998582   0.00127295   0.00119932  0.000738113  -0.00223813  0.000891726  -0.00144866 -0.000997831 -0.000520953 -0.000164173 -7.81254e-05 -0.000319847  -0.00088769  -0.00429952  -0.00346819  -0.00280255   0.00145914  -0.00203204  -0.00172736  -0.00209855   -0.0027355  -0.00353656   -0.0088049  -0.00774104  -0.00583116  -0.00364182  -0.00291132    0.0017466  -0.00415653  -0.00601697  -0.00750042   -0.0145731   -0.0127186  -0.00793634  -0.00285734 -0.000837324  -0.00352455  -0.00868098    0.0017292   -0.0119623   -0.0184765   -0.0150873  -0.00599393   0.00560199    0.0109685   0.00462647  -0.00608639   -0.0129929   -0.0201173  -0.00239905   -0.0147931  -0.00021109    0.0226116    0.0376177    0.0219015  0.000590256   -0.0115226   -0.0188564     -0.01213   0.00577194
 -0.00586884  -0.00660224   0.00765267    0.0377476    0.0866034    0.0372551   0.00989691  -0.00391507 -0.000422455   0.00306174   0.00600416   0.00797661   0.00841986    -0.008208  -0.00722901  -0.00432933  -0.00505275 -0.000544959    0.0033054   0.00660402   0.00886513   0.00934534  -0.00754826  -0.00659676  -0.00428137 -0.000871209   0.00294042  -0.00301558   0.00636718   0.00852684   0.00904923   -0.0075796  -0.00667147   -0.0043815   -0.0011868   0.00239647   0.00572197   0.00800263 -0.000322498   0.00854512   -0.0075592  -0.00675083  -0.00460395  -0.00178331   0.00135749   0.00432392   0.00653559   0.00707918  -0.00691627    0.0024183  -0.00630643  -0.00512569  -0.00302185 -0.000476203   0.00190501   0.00346926    0.0040051  -0.00833335  -0.00799538  -0.00691652   0.00473492  -0.00497284  -0.00277045 -0.000848414  0.000564417   0.00100491   -0.0110488   -0.0110052  -0.00962819  -0.00719884  -0.00477668   0.00625438  -0.00326696  -0.00250451  -0.00260953   -0.0136724   -0.0137389   -0.0118632  -0.00810001  -0.00401283  -0.00228842   -0.0041309   0.00667518  -0.00617215   -0.0164003   -0.0162431    -0.012523  -0.00461135   0.00469032   0.00877738   0.00397509  -0.00308185   -0.0183242  -0.00753479   -0.0176778   -0.0115603   0.00216299    0.0223941    0.0358132    0.0218413    0.0042415   -0.0178018   -0.0164053  -0.00869937
 -0.00870742  -0.00993166  -0.00914406   0.00670861    0.0372551     0.087422    0.0445407  -0.00614181  -0.00106067   0.00420196   0.00885204    0.0121399    0.0130909    -0.012009   -0.0108324    -0.006838  -0.00762094  -0.00140413   0.00440765   0.00967816     0.013526    0.0146485   -0.0108688  -0.00983122  -0.00684322  -0.00203851   0.00372552  -0.00471184   0.00926787    0.0130913    0.0144184   -0.0107789   -0.0099102  -0.00709539  -0.00269697   0.00276944   0.00832658    0.0125386 -0.000758679    0.0140625    -0.010707   -0.0100687  -0.00745545  -0.00356925    0.0013081   0.00644563    0.0107132     0.012426   -0.0095873   0.00338506  -0.00930712  -0.00790711  -0.00490811 -0.000889677   0.00333314   0.00668907   0.00866003   -0.0102427   -0.0104823  -0.00954241   0.00701329  -0.00724387  -0.00390695 -2.57363e-05   0.00370153   0.00608645   -0.0113046   -0.0122342   -0.0118794   -0.0101949  -0.00717835   0.00950548  -0.00323517   0.00103342   0.00383535    -0.011282   -0.0129164   -0.0139212   -0.0127162  -0.00897465  -0.00387195  5.39888e-05    0.0103297   0.00267974   -0.0126334   -0.0147747   -0.0157153    -0.013168  -0.00625072    0.0036998    0.0113537    0.0119267   -0.0142939   -0.0111229   -0.0166064   -0.0167296   -0.0118581  0.000382746    0.0210382    0.0384873    0.0302781   -0.0142607   -0.0160939   -0.0152148
  -0.0096994   -0.0111463   -0.0160137  -0.00874366   0.00989691    0.0445407     0.103369  -0.00705111  -0.00145668   0.00446879   0.00984501    0.0137677    0.0150594   -0.0132698   -0.0121287  -0.00787571  -0.00856596  -0.00194368    0.0045903    0.0107138    0.0153526    0.0169314   -0.0118914   -0.0109621  -0.00791615  -0.00274338   0.00372401   -0.0053972    0.0101903    0.0148924    0.0168243   -0.0116639   -0.0109805  -0.00822641  -0.00359979   0.00251837    0.0090829    0.0143679  -0.00101936    0.0166853    -0.011476   -0.0110908  -0.00859715  -0.00458885  0.000842963    0.0069722    0.0124464    0.0151985   -0.0100784   0.00365157    -0.010118  -0.00891273  -0.00585916  -0.00145209   0.00357159   0.00810401    0.0114993   -0.0101723    -0.010834   -0.0103065   0.00782832  -0.00830886  -0.00483161 -6.09319e-05   0.00534154   0.00987571    -0.010196   -0.0117032   -0.0122362   -0.0115471  -0.00887934    0.0107784  -0.00387008   0.00310667   0.00948088  -0.00871832   -0.0111499   -0.0138935   -0.0147446   -0.0124041  -0.00642638   0.00194689     0.011855    0.0111151  -0.00911933   -0.0123112   -0.0158322   -0.0169747   -0.0135491  -0.00394154    0.0112046    0.0252216    -0.010396    -0.012354   -0.0139712   -0.0173434    -0.017786   -0.0122493   0.00296637    0.0297809    0.0543295   -0.0106039   -0.0138114   -0.0163922
   0.0695439     0.101421   0.00213658 -0.000967012  -0.00391507  -0.00614181  -0.00705111     0.150469    0.0987765     0.062919    0.0387697    0.0232415    0.0134585    0.0499492    0.0719283    0.0862569    0.0945485    0.0698507     0.044823    0.0254071    0.0128852   0.00549277    0.0233054    0.0321233    0.0378272    0.0320084    0.0196897     0.109798   0.00811375  -0.00021212  -0.00432173   0.00413483   0.00568558   0.00803022   0.00585599  0.000301664  -0.00550603  -0.00982497    0.0923591   -0.0112027  -0.00161087  -0.00294475  -0.00289124  -0.00490406  -0.00826608   -0.0115321   -0.0138225   -0.0139339   0.00423029    0.0654679   0.00247469 -0.000599678  -0.00372804  -0.00741498   -0.0110708   -0.0132483   -0.0134154   0.00960796   0.00836456   0.00462371    0.0437902  0.000328945  -0.00414727  -0.00823338   -0.0108002   -0.0115219    0.0116121     0.010849   0.00753121    0.0030664  -0.00169548    0.0284488  -0.00595245  -0.00879101  -0.00994655    0.0109695    0.0104356    0.0078562   0.00381027 -0.000755755  -0.00496733  -0.00809436    0.0180735  -0.00940609   0.00960234   0.00912283   0.00699503   0.00348024 -0.000666217  -0.00459649  -0.00751038  -0.00875906   0.00829859    0.0680549   0.00780807   0.00590804   0.00282135 -0.000846223  -0.00433223  -0.00688004  -0.00797091   0.00710539   0.00660436   0.00481373
   0.0469521    0.0651663  0.000584305   0.00019419 -0.000422455  -0.00106067  -0.00145668    0.0987765     0.148443    0.0974752    0.0626444    0.0396635    0.0247505    0.0281588    0.0456305    0.0692502    0.0674451    0.0850427    0.0693833    0.0451431    0.0268278    0.0150411   0.00745944    0.0169799    0.0306658    0.0382611    0.0332287     0.092478    0.0210358    0.0093915    0.0023766   -0.0067301  -0.00320918   0.00413426    0.0085684    0.0073897   0.00220573  -0.00367418     0.107972  -0.00661271   -0.0101864  -0.00955022  -0.00609368  -0.00401208  -0.00422048  -0.00622465  -0.00890906  -0.00971227  -0.00482986     0.091076  -0.00480774  -0.00431072  -0.00343784  -0.00400807  -0.00597316  -0.00749142  -0.00788691  0.000345661  0.000652544  0.000269414    0.0649879 -6.11215e-05   -0.0011461  -0.00296034  -0.00435085  -0.00502615   0.00249135   0.00304719   0.00269857   0.00200692  0.000807385    0.0441427 -0.000760997  -0.00210584  -0.00300368   0.00185776   0.00243558   0.00269564   0.00231738   0.00135008  8.09033e-06  -0.00134453    0.0293557  -0.00224161  0.000994793   0.00143871   0.00183331   0.00172617   0.00105207 -1.90462e-06   -0.0011026  -0.00184903  0.000550995    0.0425762  0.000834064   0.00110515    0.0010427  0.000554907 -0.000232242  -0.00105098  -0.00161021  0.000436433  0.000592872  0.000682076
   0.0305302    0.0403835  -0.00115589   0.00119885   0.00306174   0.00420196   0.00446879     0.062919    0.0974752     0.148325    0.0984066     0.064365     0.041755    0.0135995    0.0253749    0.0438249    0.0453266    0.0688103    0.0854776    0.0704634    0.0469997    0.0294754  -0.00282184   0.00417957    0.0174759    0.0319302    0.0394197    0.0657387    0.0341228     0.022113    0.0125299    -0.013411   -0.0104671  -0.00246565   0.00570536    0.0101165   0.00873587   0.00356647    0.0912896   1.5397e-05   -0.0156685   -0.0147613   -0.0103134   -0.0057041  -0.00259744   -0.0019975  -0.00362901  -0.00417236   -0.0116451     0.107665   -0.0110286   -0.0085907  -0.00495646  -0.00242881  -0.00162077  -0.00116071 -0.000940235   -0.0074057  -0.00641529   -0.0045772    0.0916435  -0.00178687  0.000546851   0.00188288   0.00277996   0.00286228  -0.00565027  -0.00440271  -0.00253295  4.76781e-05   0.00248271    0.0661832   0.00423187   0.00519766   0.00511189  -0.00656794  -0.00532105  -0.00274344  0.000215823    0.0029213   0.00490316   0.00590034    0.0456875   0.00582763  -0.00713429  -0.00607325  -0.00350662 -0.000417319   0.00243798   0.00456527   0.00566978   0.00571964  -0.00687748    0.0254645  -0.00603195  -0.00381936 -0.000987876   0.00174601   0.00385819   0.00503486   0.00521706  -0.00602519  -0.00535722  -0.00354379
   0.0189113    0.0236696  -0.00283393   0.00188534   0.00600416   0.00885204   0.00984501    0.0387697    0.0626444    0.0984066     0.149945     0.100581    0.0671423   0.00427867     0.011606     0.024149    0.0292508    0.0440785    0.0698865     0.086938    0.0727392    0.0506214  -0.00846188  -0.00441686   0.00514025    0.0184322    0.0326413    0.0441986    0.0402399     0.035804    0.0268066   -0.0164418   -0.0151171  -0.00922809  -0.00119447   0.00680672     0.011332    0.0106424    0.0654165   0.00894482   -0.0182335   -0.0180986   -0.0145697  -0.00946585  -0.00399381  2.92005e-05   0.00133822   0.00266034   -0.0156967    0.0918965   -0.0154161   -0.0127234  -0.00799051  -0.00300717   0.00122164    0.0049076   0.00682839   -0.0126691   -0.0117839  -0.00911891     0.108945  -0.00454302   0.00065714   0.00553277   0.00956819    0.0111724   -0.0116405   -0.0103296   -0.0073019   -0.0024717   0.00307608    0.0933733   0.00824955    0.0120248    0.0132726   -0.0130804   -0.0116462  -0.00759847  -0.00214987   0.00371861    0.0089595    0.0125426    0.0683404     0.013631   -0.0136105   -0.0122945  -0.00821256  -0.00262165   0.00327405   0.00839903    0.0117777    0.0128295   -0.0129183    0.0139352   -0.0117837  -0.00813608  -0.00297307   0.00253549   0.00730876    0.0104538     0.011496   -0.0113492   -0.0103787  -0.00724551
   0.0112498    0.0130713  -0.00412685    0.0022164   0.00797661    0.0121399    0.0137677    0.0232415    0.0396635     0.064365     0.100581     0.153062     0.105125  -0.00104646   0.00327961    0.0113983    0.0184233    0.0254477    0.0460156    0.0722105    0.0907098    0.0788027   -0.0108386  -0.00903087  -0.00315726   0.00640918    0.0200944    0.0290898    0.0352176    0.0443792    0.0436431   -0.0170038   -0.0171055   -0.0136983  -0.00754796   0.00106451    0.0099526    0.0158347    0.0448154    0.0192911   -0.0186982    -0.019424   -0.0172736   -0.0127489  -0.00628414   0.00053089   0.00560521    0.0102227   -0.0174294    0.0667319   -0.0177356   -0.0155594   -0.0108064  -0.00434056   0.00285507   0.00991778    0.0142092   -0.0155486   -0.0150939   -0.0124494     0.093745  -0.00717984 -7.30198e-05   0.00776188    0.0147939    0.0182613   -0.0152682    -0.014228   -0.0108465  -0.00482255   0.00284389     0.111466    0.0107371    0.0170292    0.0197737   -0.0171751   -0.0158607   -0.0111489  -0.00424897   0.00378148    0.0115266    0.0173109    0.0968394    0.0196082   -0.0177628   -0.0164547   -0.0115822  -0.00445568   0.00351899    0.0108835    0.0161171    0.0181438   -0.0168495   0.00672869   -0.0156466   -0.0111841  -0.00454065   0.00286796   0.00958881    0.0142836    0.0161145   -0.0148548   -0.0137674  -0.00984348
  0.00633782   0.00658494  -0.00461882   0.00213611   0.00841986    0.0130909    0.0150594    0.0134585    0.0247505     0.041755    0.0671423     0.105125     0.159932  -0.00357191  -0.00114614   0.00397254    0.0112856    0.0134772    0.0280608    0.0493581    0.0778826    0.0995207   -0.0108435   -0.0104002  -0.00719557  -0.00106779   0.00950298    0.0188387    0.0246849    0.0417926     0.054946   -0.0155189   -0.0164547   -0.0149391   -0.0108958  -0.00362468   0.00625231    0.0167515    0.0301767    0.0269094   -0.0170794   -0.0183291   -0.0173709   -0.0139382  -0.00790744 -0.000147895   0.00764583    0.0158705    -0.016636    0.0465066   -0.0173896   -0.0159852   -0.0119788   -0.0054232   0.00304451    0.0121901    0.0187179   -0.0156166   -0.0155973   -0.0134668     0.069161  -0.00852902  -0.00103836   0.00803285    0.0167258      0.02176   -0.0158623   -0.0152006   -0.0121197  -0.00611797   0.00205805    0.0974084    0.0110018    0.0185774    0.0224734    -0.017936   -0.0169102   -0.0123776  -0.00536511    0.0032013    0.0118597    0.0186923     0.116699    0.0218432   -0.0185576   -0.0174462   -0.0126436    -0.005324    0.0031653     0.011296    0.0173476    0.0200031   -0.0176341   0.00247704   -0.0165528   -0.0120733  -0.00519026   0.00269152    0.0100422    0.0153685    0.0176623   -0.0155907   -0.0145701   -0.0105718
   0.0728947     0.079017   0.00364703  -0.00270539    -0.008208    -0.012009   -0.0132698    0.0499492    0.0281588    0.0135995   0.00427867  -0.00104646  -0.00357191     0.138839    0.0815041    0.0431569    0.0626914    0.0196603   0.00563064  -0.00248029  -0.00635118   -0.0075663    0.0742469    0.0500669     0.023387    0.0050133  -0.00545582    0.0455709    -0.010269   -0.0118771   -0.0115134    0.0335205    0.0185912   0.00432321  -0.00665923   -0.0132626   -0.0159018   -0.0159416    0.0294771   -0.0144993    0.0172444   0.00641685  -0.00266602   -0.0104632   -0.0157042   -0.0180416   -0.0179276   -0.0162935    0.0203148    0.0171023    0.0122634   0.00161437  -0.00749967   -0.0138632   -0.0172855   -0.0182459   -0.0171562    0.0239777    0.0181713   0.00811155   0.00842913  -0.00195214  -0.00983175   -0.0148394   -0.0170126   -0.0168013    0.0246292    0.0204588     0.012037    0.0023381  -0.00628001   0.00287487   -0.0125109   -0.0157575   -0.0163549    0.0234853    0.0203794    0.0132433   0.00421599  -0.00443864   -0.0112248   -0.0154638 -0.000281602    -0.016584    0.0211731    0.0187499    0.0127742   0.00471979  -0.00349281    -0.010319   -0.0147084   -0.0160459    0.0185301     0.100282    0.0165446    0.0114756   0.00443586  -0.00301393  -0.00939594   -0.0135484   -0.0149056    0.0157833    0.0141066   0.00966977
   0.0616667    0.0907325   0.00347443  -0.00217456  -0.00722901   -0.0108324   -0.0121287    0.0719283    0.0456305    0.0253749     0.011606   0.00327961  -0.00114614    0.0815041     0.126501    0.0734064    0.0657211    0.0390172    0.0172297   0.00390321  -0.00317336  -0.00620977    0.0506037    0.0594852    0.0426281    0.0193116   0.00295645    0.0570332  -0.00622413   -0.0106488   -0.0116958    0.0196717    0.0181889    0.0115378  0.000426325    -0.008963   -0.0142501   -0.0161953    0.0415827   -0.0156552   0.00777164   0.00344091  -0.00107201  -0.00779167   -0.0138932   -0.0175187   -0.0185937   -0.0175514    0.0135787    0.0267298   0.00920738   0.00166512  -0.00579574    -0.012141   -0.0165118   -0.0183877   -0.0178307    0.0192288    0.0158129   0.00798805    0.0152135 -0.000553035  -0.00803989   -0.0135468   -0.0164185     -0.01673    0.0210157    0.0185099    0.0117527   0.00335172   -0.0046732   0.00735213   -0.0109789   -0.0146411   -0.0156818    0.0201601     0.018243    0.0125787   0.00481186  -0.00309967  -0.00969506   -0.0141015    0.0025446   -0.0155416     0.018122    0.0165477    0.0117862   0.00489642  -0.00249674   -0.0089379   -0.0133034   -0.0148381    0.0158627    0.0784073     0.014489    0.0103782   0.00434232  -0.00230516  -0.00820964   -0.0122163   -0.0136739    0.0135588    0.0123306   0.00865433
   0.0448219    0.0723335   0.00242385  -0.00102705  -0.00432933    -0.006838  -0.00787571    0.0862569    0.0692502    0.0438249     0.024149    0.0113983   0.00397254    0.0431569    0.0734064     0.121725    0.0571259    0.0714837    0.0379983    0.0165779   0.00421513  -0.00204247    0.0216125    0.0404284    0.0559761    0.0415296    0.0194582      0.06209   0.00375296  -0.00550449  -0.00931892    0.0021591   0.00861759    0.0147979     0.010482  0.000516813  -0.00794676   -0.0130718    0.0543855   -0.0144434  -0.00399748  -0.00333761  -0.00152875  -0.00395422  -0.00889361   -0.0133379   -0.0160813   -0.0162338   0.00320743    0.0396838   0.00223458 -0.000400366  -0.00363254  -0.00799039   -0.0124023   -0.0149936   -0.0152584   0.00979535   0.00890868   0.00513138    0.0254842   0.00056475  -0.00443373  -0.00913193   -0.0121223   -0.0130122    0.0123918     0.011827   0.00835369   0.00351266  -0.00177109    0.0147486  -0.00657902  -0.00983089   -0.0111917    0.0118755    0.0114619   0.00873799    0.0043224 -0.000748013  -0.00548689  -0.00903969   0.00763362    -0.010559    0.0104756    0.0100634   0.00779552   0.00394224 -0.000667099  -0.00508032  -0.00837938  -0.00981472   0.00909966    0.0498726   0.00863714   0.00659141   0.00319549 -0.000883403  -0.00479077  -0.00766765  -0.00891638   0.00781195   0.00731219   0.00537148
    0.122727     0.112616   0.00248301  -0.00148133  -0.00505275  -0.00762094  -0.00856596    0.0945485    0.0674451    0.0453266    0.0292508    0.0184233    0.0112856    0.0626914    0.0657211    0.0571259     0.172362    0.0423191    0.0278014    0.0163227   0.00870984   0.00401812    0.0321647    0.0304394    0.0253993    0.0171832   0.00884651     0.119993   0.00230962  -0.00224791    -0.004319    0.0128347   0.00903735   0.00550526  0.000689583  -0.00414621  -0.00777615  -0.00996162     0.082571   -0.0101669   0.00628201   0.00214791  -0.00125875   -0.0054055  -0.00929376   -0.0120411   -0.0133461   -0.0128663    0.0101786    0.0560985   0.00667861   0.00133889  -0.00381752  -0.00836523   -0.0117823   -0.0134647   -0.0132266    0.0137488    0.0111904   0.00579533    0.0375796 -0.000124084  -0.00549609  -0.00963819   -0.0119162   -0.0122654    0.0148117    0.0129966   0.00835641   0.00254355   -0.0031407    0.0248712  -0.00773374    -0.010486   -0.0113308    0.0141537     0.012788    0.0088871   0.00350723  -0.00205704  -0.00678281    -0.010003    0.0162434   -0.0111063    0.0127141    0.0116018   0.00830992    0.0035251  -0.00166143  -0.00623698  -0.00938388    -0.010531    0.0111326    0.0985197    0.0101666   0.00731345   0.00310947  -0.00155233  -0.00572894  -0.00859445  -0.00966804   0.00952346    0.0086611   0.00609962
   0.0295993     0.046601   0.00083106  0.000291094 -0.000544959  -0.00140413  -0.00194368    0.0698507    0.0850427    0.0688103    0.0440785    0.0254477    0.0134772    0.0196603    0.0390172    0.0714837    0.0423191     0.121779    0.0720518    0.0388025    0.0182337   0.00664415   0.00253981    0.0166995    0.0408693    0.0576558    0.0435464    0.0550329    0.0213779   0.00516242  -0.00321637   -0.0102524  -0.00335104   0.00930503    0.0166453    0.0126853   0.00283423  -0.00620807    0.0606718   -0.0105079   -0.0129999   -0.0105887  -0.00474464  -0.00159673  -0.00273582   -0.0066234   -0.0109888   -0.0126816  -0.00656755    0.0536695  -0.00562784  -0.00404882  -0.00249129  -0.00345694  -0.00659697  -0.00918005   -0.0101781 -0.000491264  0.000376684  0.000565843    0.0397075  0.000586621 -0.000771153  -0.00338319  -0.00555763  -0.00671396   0.00220611   0.00314737   0.00312478   0.00255654   0.00111252    0.0263226  -0.00100717   -0.0029354  -0.00423054   0.00181946    0.0026706   0.00314945   0.00281209   0.00162189  -0.00015625  -0.00198015     0.016257  -0.00319802   0.00108479   0.00171946   0.00225014   0.00213363    0.0012602 -0.000138673   -0.0016042  -0.00260135   0.00071138    0.0288144   0.00112351   0.00146627   0.00136058  0.000696433 -0.000361316  -0.00145776  -0.00220872  0.000619438  0.000859746  0.000980006
    0.017676    0.0265167  -0.00108526   0.00140272    0.0033054   0.00440765    0.0045903     0.044823    0.0693833    0.0854776    0.0698865    0.0460156    0.0280608   0.00563064    0.0172297    0.0379983    0.0278014    0.0720518     0.122763    0.0731292    0.0406692     0.021109  -0.00777337  0.000562176    0.0183191    0.0426307    0.0591627    0.0408449    0.0447155    0.0222278    0.0078831   -0.0166007   -0.0123617  -0.00138315    0.0112753    0.0184142    0.0141982   0.00377926    0.0543384  -0.00324333   -0.0180042   -0.0162881   -0.0103382  -0.00401891 -6.22729e-05 -0.000515252  -0.00450509  -0.00688833   -0.0134414    0.0608028   -0.0123022  -0.00894742  -0.00429314  -0.00148045  -0.00142031  -0.00209139  -0.00282836  -0.00873592   -0.0073387  -0.00484096    0.0545284  -0.00139059    0.0010959   0.00198023   0.00222802   0.00173395  -0.00664162  -0.00506247   -0.0027083  0.000314218   0.00289011     0.041243   0.00442841   0.00500515   0.00453255  -0.00739401  -0.00588111  -0.00289717  0.000428492   0.00329002   0.00517925   0.00593475    0.0284052   0.00559257  -0.00781949  -0.00655136  -0.00366034 -0.000266146   0.00275349   0.00486848   0.00583398   0.00569653  -0.00743146    0.0144898  -0.00642755  -0.00396557 -0.000889256   0.00200081   0.00414601   0.00525136   0.00530584  -0.00646609  -0.00567889  -0.00367073
  0.00903134    0.0126883  -0.00302457   0.00212479   0.00660402   0.00967816    0.0107138    0.0254071    0.0451431    0.0704634     0.086938    0.0722105    0.0493581  -0.00248029   0.00390321    0.0165779    0.0163227    0.0388025    0.0731292     0.123804    0.0752959    0.0446136   -0.0123912  -0.00857319   0.00182196    0.0191452    0.0432521    0.0269587    0.0598339    0.0457939    0.0266079   -0.0186178   -0.0173279   -0.0108888  -0.00039117    0.0122008    0.0193886    0.0153159     0.040911   0.00861726    -0.019725   -0.0196229   -0.0158718  -0.00973428    -0.002547   0.00227492   0.00219242   0.00149874   -0.0170975    0.0551658   -0.0168078   -0.0138502  -0.00845726  -0.00275065   0.00174753   0.00512883   0.00629936   -0.0140096   -0.0130506   -0.0100693     0.062188  -0.00495621  0.000758258   0.00593693    0.0100369    0.0113637   -0.0129356   -0.0115088  -0.00814451  -0.00281003   0.00325083    0.0565251   0.00881635    0.0127735    0.0139199   -0.0144133   -0.0128458  -0.00840461  -0.00242287   0.00398508   0.00965725    0.0134778    0.0439342    0.0145391   -0.0148972   -0.0134502  -0.00898303  -0.00286439   0.00357107   0.00913653    0.0127679    0.0138292   -0.0140883   0.00506658   -0.0128335  -0.00884039  -0.00319544   0.00281606   0.00800665     0.011399    0.0124721   -0.0123599   -0.0112835  -0.00784816
  0.00369864    0.0044398  -0.00458539   0.00244264   0.00886513     0.013526    0.0153526    0.0128852    0.0268278    0.0469997    0.0727392    0.0907098    0.0778826  -0.00635118  -0.00317336   0.00421513   0.00870984    0.0182337    0.0406692    0.0752959     0.128089    0.0825358   -0.0136325   -0.0126003  -0.00743787   0.00284003    0.0207507    0.0166073      0.04582    0.0638817    0.0545172   -0.0182685   -0.0189387   -0.0162339  -0.00963917   0.00172094    0.0152072    0.0236237    0.0280216     0.024782   -0.0195149   -0.0206821   -0.0191047   -0.0144749  -0.00676144   0.00188241   0.00783061    0.0120701    -0.018451    0.0425236   -0.0190808   -0.0171983    -0.012351  -0.00516167    0.0031839    0.0112865    0.0158304   -0.0168114   -0.0165623    -0.013986    0.0573344  -0.00845175 -0.000632904   0.00826084    0.0163188    0.0201947   -0.0167381   -0.0157964   -0.0122939  -0.00581403   0.00264956    0.0653183    0.0115444    0.0187184    0.0218562   -0.0188662   -0.0175679   -0.0125485  -0.00504362   0.00384195    0.0125397    0.0191112     0.060898    0.0217463   -0.0195053   -0.0181631   -0.0129097  -0.00511283   0.00371733    0.0119605    0.0178743    0.0201824   -0.0185063 -0.000212382   -0.0172414   -0.0123911  -0.00509377   0.00311247    0.0106138    0.0158904    0.0179576   -0.0163286   -0.0151663    -0.010876
 0.000645806 -5.01343e-05  -0.00521282   0.00228709   0.00934534    0.0146485    0.0169314   0.00549277    0.0150411    0.0294754    0.0506214    0.0788027    0.0995207   -0.0075663  -0.00620977  -0.00204247   0.00401812   0.00664415     0.021109    0.0446136    0.0825358     0.139281   -0.0127202   -0.0131245   -0.0110906  -0.00560236   0.00600256   0.00969525    0.0257688    0.0533873    0.0770724   -0.0161378   -0.0177514   -0.0173536   -0.0139366  -0.00587293   0.00705474    0.0227901    0.0183482    0.0373995    -0.017413   -0.0192242   -0.0191651   -0.0162568  -0.00981948 -0.000430484   0.00987634    0.0206193   -0.0172712    0.0304026   -0.0184945   -0.0177121   -0.0140748  -0.00709029    0.0027997     0.014013    0.0222438   -0.0166199   -0.0169638   -0.0151859    0.0458462    -0.010282  -0.00215441   0.00829363    0.0186904    0.0249654   -0.0171966   -0.0167753   -0.0137793  -0.00748752   0.00149481    0.0622395    0.0116949    0.0206051    0.0254168   -0.0195769   -0.0186809   -0.0139846   -0.0064616   0.00300388    0.0128278    0.0207787    0.0720381    0.0246133   -0.0203103   -0.0192499   -0.0141588  -0.00621139    0.0031921    0.0123718    0.0193429    0.0225157   -0.0193412  -0.00281555   -0.0182587   -0.0134451  -0.00591675   0.00282583    0.0110915    0.0171732    0.0198674   -0.0171338   -0.0160799   -0.0117446
   0.0396091    0.0421972   0.00320491  -0.00262192  -0.00754826   -0.0108688   -0.0118914    0.0233054   0.00745944  -0.00282184  -0.00846188   -0.0108386   -0.0108435    0.0742469    0.0506037    0.0216125    0.0321647   0.00253981  -0.00777337   -0.0123912   -0.0136325   -0.0127202     0.104824    0.0457009    0.0124288  -0.00505187    -0.013032    0.0205458   -0.0154878   -0.0148971   -0.0131082    0.0465713    0.0216888  5.60875e-05   -0.0116656   -0.0165803   -0.0173333   -0.0157323   0.00925831   -0.0134506    0.0212032   0.00665389  -0.00537323   -0.0133053   -0.0170358   -0.0176032   -0.0160922   -0.0138709    0.0209777  0.000766601    0.0111107 -0.000851154  -0.00976118   -0.0146955    -0.016307   -0.0158642   -0.0142188    0.0233427     0.016508   0.00586819  -0.00458908  -0.00381652   -0.0104333   -0.0138391    -0.014724   -0.0139543    0.0234765    0.0187016    0.0101076  0.000886465  -0.00665836  -0.00731748   -0.0115784   -0.0137413   -0.0138183    0.0222776     0.018828    0.0116825   0.00312157  -0.00463539   -0.0103418    -0.013667  -0.00801566   -0.0143358    0.0200399     0.017435    0.0115419    0.0039301  -0.00353115  -0.00948532   -0.0131428   -0.0141083    0.0174794    0.0546569    0.0154077    0.0104811   0.00386043  -0.00295467  -0.00863315    -0.012203   -0.0132606    0.0148209    0.0131146   0.00885747
   0.0308986    0.0426648   0.00317889  -0.00200843  -0.00659676  -0.00983122   -0.0109621    0.0321233    0.0169799   0.00417957  -0.00441686  -0.00903087   -0.0104002    0.0500669    0.0594852    0.0404284    0.0304394    0.0166995  0.000562176  -0.00857319   -0.0126003   -0.0131245    0.0457009    0.0882322    0.0394307    0.0102748  -0.00569033    0.0240812   -0.0130116   -0.0151953   -0.0146232    0.0221461    0.0297408    0.0169757 -0.000602638   -0.0116653   -0.0163675   -0.0169973    0.0146473    -0.015611   0.00736046   0.00601982   0.00113077  -0.00743934   -0.0141768   -0.0172793   -0.0174653   -0.0159669    0.0118756   0.00560774   0.00859372   0.00135873    -0.006127   -0.0120768   -0.0155858   -0.0166126   -0.0156978    0.0171439    0.0141289   0.00665772  -0.00122658  -0.00140442  -0.00810206   -0.0126225   -0.0146644   -0.0146173    0.0189579    0.0166149    0.0102146   0.00239936  -0.00479043  -0.00541107    -0.010166   -0.0130779   -0.0137679     0.018419    0.0166015    0.0112327   0.00401113  -0.00314716  -0.00892882   -0.0126694  -0.00716906    -0.013796    0.0167072    0.0152246    0.0107243    0.0043144  -0.00243234  -0.00819155   -0.0120105    -0.013285    0.0146852    0.0412052    0.0134028   0.00954165   0.00393517  -0.00216042  -0.00750078   -0.0110654   -0.0123145    0.0125458    0.0114063   0.00798204
   0.0206434    0.0342431   0.00260631 -0.000913982  -0.00428137  -0.00684322  -0.00791615    0.0378272    0.0306658    0.0174759   0.00514025  -0.00315726  -0.00719557     0.023387    0.0426281    0.0559761    0.0253993    0.0408693    0.0183191   0.00182196  -0.00743787   -0.0110906    0.0124288    0.0394307    0.0896075    0.0418012    0.0121288    0.0262874  -0.00427838   -0.0122311   -0.0146139 -0.000313867     0.016222    0.0324775    0.0200357   0.00105347   -0.0106607   -0.0160034    0.0220129   -0.0169276  -0.00527479  0.000580772   0.00630453   0.00203594  -0.00691053   -0.0136914   -0.0170686    -0.017258   0.00161437    0.0142558   0.00297654    0.0021863  -0.00106528  -0.00670196   -0.0122639   -0.0153554   -0.0157636   0.00787516   0.00800571   0.00525923   0.00611375   0.00110824  -0.00408981  -0.00916774   -0.0123942   -0.0133754    0.0106982    0.0105786   0.00769578   0.00322514  -0.00195499 -0.000161842  -0.00680309   -0.0101135   -0.0114999    0.0109858    0.0107887   0.00825304   0.00400726   -0.0009804  -0.00571204  -0.00927118  -0.00380166   -0.0107935    0.0102298   0.00995364     0.007708   0.00385952 -0.000759479  -0.00519974  -0.00851995  -0.00996775   0.00917734    0.0245284   0.00881705   0.00675638   0.00330557 -0.000837014  -0.00480416  -0.00772449  -0.00900129   0.00796088   0.00754006   0.00560504
   0.0107138    0.0202179   0.00124702   0.00033976 -0.000871209  -0.00203851  -0.00274338    0.0320084    0.0382611    0.0319302    0.0184322   0.00640918  -0.00106779    0.0050133    0.0193116    0.0415296    0.0171832    0.0576558    0.0426307    0.0191452   0.00284003  -0.00560236  -0.00505187    0.0102748    0.0418012    0.0913604     0.043014    0.0233304    0.0133055  -0.00373806   -0.0112425   -0.0128062  -0.00199709    0.0193361    0.0342288    0.0208378    0.0019865   -0.0103343    0.0258957   -0.0153075   -0.0137913  -0.00839917   0.00160656   0.00664204   0.00229493  -0.00606852   -0.0130895   -0.0157981  -0.00741224    0.0225809    -0.004826  -0.00125562   0.00118264  -0.00103393  -0.00647213    -0.010797   -0.0126243  -0.00159411  8.30756e-05   0.00133279    0.0151355   0.00186903  -2.1008e-05  -0.00383894  -0.00709446  -0.00882106   0.00135238   0.00266663   0.00316244   0.00278698   0.00101647    0.0073665  -0.00178655  -0.00438714  -0.00605614   0.00176367   0.00278937   0.00332616    0.0029002   0.00136371  -0.00094398  -0.00325453   0.00169987  -0.00473934   0.00162883   0.00236261   0.00276744   0.00237891   0.00110009 -0.000772632  -0.00263838  -0.00385367   0.00151653    0.0100313   0.00199527    0.0021733   0.00174585  0.000666188 -0.000823276  -0.00226797   -0.0032104    0.0014183   0.00170218   0.00168207
  0.00309034    0.0077127  -0.00070018   0.00141728   0.00294042   0.00372552   0.00372401    0.0196897    0.0332287    0.0394197    0.0326413    0.0200944   0.00950298  -0.00545582   0.00295645    0.0194582   0.00884651    0.0435464    0.0591627    0.0432521    0.0207507   0.00600256    -0.013032  -0.00569033    0.0121288     0.043014    0.0928701    0.0165177     0.044889    0.0144306  -0.00130003   -0.0179488   -0.0132117  1.25642e-05    0.0203611    0.0357127    0.0229553   0.00314529    0.0237524  -0.00797821   -0.0179749    -0.015459  -0.00776717   0.00183246   0.00783643   0.00454247  -0.00425432  -0.00981404   -0.0135852    0.0266717   -0.0118523  -0.00736767  -0.00129328   0.00186675  0.000313194  -0.00280838  -0.00539096  -0.00918078   -0.0074574  -0.00430498    0.0234912 -0.000284525    0.0020467   0.00185924  0.000708604 -0.000790254   -0.0069592   -0.0052452  -0.00262094   0.00048646    0.0027306    0.0167038   0.00352166   0.00323376   0.00220105  -0.00714362  -0.00558827  -0.00267069   0.00047067   0.00291319   0.00419211   0.00436949   0.00993509    0.0036749  -0.00714083  -0.00585484   -0.0031482 -7.59566e-05   0.00249139   0.00408792    0.0046116    0.0042112   -0.0065758  0.000167092  -0.00555686  -0.00328854 -0.000554219   0.00190315   0.00360063   0.00433854   0.00417419  -0.00563808  -0.00483999  -0.00299213
   0.0844305    0.0947165   0.00162331 -0.000761784  -0.00301558  -0.00471184   -0.0053972     0.109798     0.092478    0.0657387    0.0441986    0.0290898    0.0188387    0.0455709    0.0570332      0.06209     0.119993    0.0550329    0.0408449    0.0269587    0.0166073   0.00969525    0.0205458    0.0240812    0.0262874    0.0233304    0.0165177     0.170184    0.0089709   0.00269381 -0.000759071   0.00428631   0.00376914   0.00448141   0.00312125 -0.000130083  -0.00387491  -0.00697654     0.118205  -0.00793244 -0.000582404  -0.00253016  -0.00314801  -0.00478914  -0.00709698  -0.00932692   -0.0109295   -0.0108158   0.00380012    0.0810916   0.00193327 -0.000879272  -0.00350217  -0.00631752   -0.0089787   -0.0104593   -0.0104098   0.00788365   0.00663205   0.00345163    0.0550688 -4.59786e-05  -0.00352465  -0.00656837  -0.00838038  -0.00881156   0.00933322   0.00857635   0.00583446   0.00227184  -0.00142148     0.037149  -0.00463488  -0.00671197  -0.00752683   0.00869617   0.00818477   0.00610223   0.00291787 -0.000608197  -0.00380597  -0.00615276    0.0249007  -0.00711975   0.00753213   0.00709932    0.0054118    0.0026757 -0.000515175  -0.00351098  -0.00571688  -0.00665185   0.00646262    0.0700949   0.00604171   0.00454991   0.00216072 -0.000657247  -0.00332031  -0.00525588  -0.00607697   0.00551405   0.00509741   0.00369531
 -0.00180573 -0.000788211  -0.00279652   0.00210802   0.00636718   0.00926787    0.0101903   0.00811375    0.0210358    0.0341228    0.0402399    0.0352176    0.0246849    -0.010269  -0.00622413   0.00375296   0.00230962    0.0213779    0.0447155    0.0598339      0.04582    0.0257688   -0.0154878   -0.0130116  -0.00427838    0.0133055     0.044889    0.0089709    0.0950173    0.0464554    0.0188591   -0.0187187   -0.0179209   -0.0118982   0.00120964    0.0226733    0.0383286    0.0245252    0.0172492   0.00764602   -0.0189121   -0.0188864   -0.0150162  -0.00700687   0.00409487    0.0110281   0.00733559   0.00140229   -0.0166588    0.0245819   -0.0163671    -0.013159  -0.00684658  0.000119576    0.0048298   0.00656127    0.0053824   -0.0140317   -0.0131372   -0.0100361    0.0278294  -0.00464507   0.00126601   0.00613995   0.00933084   0.00964966   -0.0130218   -0.0117219  -0.00841748  -0.00317438   0.00269379    0.0257685   0.00787157    0.0112685    0.0119864   -0.0141441   -0.0127081  -0.00850513  -0.00278358   0.00330737   0.00861593    0.0121225    0.0203727    0.0129761   -0.0143396   -0.0129875  -0.00877919  -0.00297545    0.0031275   0.00838528     0.011793    0.0127129   -0.0134175  -0.00536615   -0.0122174  -0.00843658  -0.00307871   0.00263294   0.00756009    0.0107591    0.0117075   -0.0117235   -0.0106765  -0.00739317
