   104   104     1
   0.0877303    0.0160079  -0.00245755   -0.0067829  -0.00468016    0.0300835    0.0140349    0.0033256   0.00115681   0.00908131    0.0101131   0.00277743    0.0152727   -0.0105757  -0.00330193   -0.0108812   -0.0118655    -0.008201   -0.0105806   -0.0114792   -0.0113208  -0.00882396   -0.0102389    0.0130258   0.00231591   -0.0120951 -0.000484087  -0.00491201    0.0199645    0.0175382     0.010893   0.00282536  -0.00450793   -0.0102322   -0.0139975   -0.0146697    0.0136629    0.0207358  -0.00908105    0.0178183  -0.00980425    0.0106108  -0.00983044   -0.0074162   -0.0102838    0.0265406   -0.0138687    -0.012825   -0.0144125    -0.010163    0.0172627   -0.0095523  -0.00941313    0.0135954  -0.00876303   -0.0131261    0.0077323  -0.00646336  -0.00863508   -0.0129745   0.00113422  -0.00939691    0.0132951   0.00564492  -0.00235695  -0.00716109  -0.00926488   0.00163318  -0.00651445   -0.0102088   -0.0109901   -0.0105909  -0.00940164  -0.00819689    0.0364016    0.0138614  -0.00385174  -0.00986104   -0.0126046   -0.0123999   -0.0108978  -0.00882871    0.0479081    0.0243793   0.00121918   -0.0107281   -0.0141533   -0.0128661  -0.00995481  -0.00740336   -0.0104436    0.0210574   -0.0130433    0.0114622   0.00122296  -0.00721686   -0.0120681   -0.0130578    -0.010853  -0.00794602    0.0265926    0.0189737   0.00533362   -0.0075612
   0.0160079      0.17524  -0.00249675   0.00278679   0.00160468    0.0135001     0.121733   0.00461341   0.00855227    0.0836564    0.0119292    0.0569766    0.0195945   0.00033275    0.0382649   -0.0077814  -0.00515399    0.0251484  -0.00683715  -0.00934813     0.016155  -0.00362529   -0.0115984    0.0132569    0.0288795    0.0100808   0.00882963    0.0167709     0.116813    0.0969296    0.0687096    0.0463751    0.0300317    0.0183696    0.0107058   0.00578877    0.0135895    0.0722811   -0.0139799    0.0609565   -0.0146825    0.0441399   -0.0135529   -0.0124651   0.00788854    0.0151667   0.00249268  -0.00882316  -0.00051703   -0.0120659    0.0400129    -0.012878   0.00264557    0.0311259   -0.0113138  -0.00367515    0.0203089  -0.00800556   -0.0120549  -0.00352943   0.00973371   -0.0124626    0.0114831    0.0051871 -0.000431129  -0.00609776   -0.0106882    0.0088356   0.00237643  -0.00358727  -0.00851601   -0.0119662   -0.0135607   -0.0133394    0.0156292    0.0122595   0.00644197   0.00262036   -0.0032141  -0.00795838   -0.0106915   -0.0115902     0.015835    0.0137013   0.00892217   0.00268065  -0.00340879  -0.00823716   -0.0114341   -0.0130689   -0.0123827    0.0151011  -0.00880391    0.0133708   0.00903523   0.00283381  -0.00369014  -0.00912417   -0.0124624   -0.0134347     0.015461    0.0138912   0.00904528   -0.0133274
 -0.00245755  -0.00249675    0.0706979   0.00447928    0.0152142 -0.000627569 -4.85947e-05    0.0244639  0.000783494   0.00265195  -0.00220436   0.00385503   -0.0136233   0.00235969   0.00194743   -0.0151619  0.000520311  -0.00243646   -0.0117004  -0.00319137  -0.00680783  -0.00183222  -0.00611204  0.000945903    0.0143902   -0.0091991   0.00351623   0.00905764  -0.00433239  -0.00028781   0.00487465   0.00794747   0.00498401  -0.00247987  -0.00922549   -0.0123688  -0.00847294  -0.00762255   -0.0134418  -0.00123516   -0.0108302    0.0083049  -0.00234591  -0.00641119  -0.00248284  -0.00114456   -0.0112171  0.000284911   -0.0147115  -0.00366457   -0.0119281   -0.0116833   0.00505262  -0.00230272 -0.000957667   0.00389876    0.0162639    0.0234076  -0.00767593    0.0033764    0.0288349   -0.0148949   -0.0124068  -0.00351473    0.0141553    0.0264326     0.013399  -0.00338869   0.00444479   0.00944704   0.00516665  -0.00328597  -0.00875179   -0.0107287  -0.00475461  -0.00206217  0.000910715  0.000832734 -0.000360031  -0.00224097  -0.00432619  -0.00594984  -0.00195735 -2.57027e-05    0.0023989   0.00401848   0.00291117 -0.000636536  -0.00427594  -0.00614316  -0.00403327 -0.000751287 -8.93957e-05      0.00128    0.0035754   0.00465411   0.00347559  0.000285673  -0.00342608  -0.00592559  -0.00129543  0.000500288   0.00300661   -0.0063063
  -0.0067829   0.00278679   0.00447928    0.0534515     0.001758  -0.00130681   0.00301888    0.0036187   0.00659017   0.00263011     0.001528   0.00161936 -0.000323751    0.0101046  3.28729e-05  -0.00605896   0.00853808  -0.00187871  -0.00400446   0.00138647  -0.00358598  -0.00107666  -0.00699447  -0.00364228    0.0029194  -0.00450459   0.00909734   0.00101315   0.00319239   0.00367685   0.00338249   0.00233329  0.000418112  -0.00212818  -0.00453179  -0.00577266  -0.00338939    0.0026864   -0.0084894   0.00349971  -0.00509527   0.00362767  4.01611e-05   -0.0119117  -0.00184418   -0.0113231  -0.00472296   0.00122152  -0.00633039  -0.00949508   0.00108003  -0.00427265    0.0188997   0.00233586 -0.000420139     0.014613   0.00345899   0.00302551   -0.0120824   0.00729118   0.00339727  -0.00692919  -0.00168619  0.000918674    0.0040804   0.00586995    0.0044427   0.00012644   0.00469989   0.00729267   0.00582166  0.000594054  -0.00570497  -0.00994334   -0.0052504 -0.000701349   0.00576033    0.0122659    0.0106007   0.00210562  -0.00750665   -0.0130838  -0.00791627  -0.00150266   0.00717826    0.0125387    0.0104173   0.00231728  -0.00645624   -0.0141556   -0.0140498   -0.0156438   -0.0099254  -0.00699815    0.0120842    0.0296455     0.017099  -0.00346078   -0.0139683   -0.0162499   -0.0171799  -0.00920646    0.0124253   -0.0134376
 -0.00468016   0.00160468    0.0152142     0.001758    0.0875957  -0.00330046   0.00712325  -0.00252497  -0.00174658    0.0148371   -0.0129629    0.0222423   -0.0161433   -0.0018469    0.0253045   -0.0037998 -0.000311738    0.0222331    0.0108459 -0.000266102    0.0155992    0.0402135 -0.000684662  -0.00464863    0.0404914   0.00901345  -0.00123647    0.0558382  -0.00140378   0.00569034    0.0175712    0.0311813    0.0374103     0.030698    0.0184289   0.00819017   -0.0113018  -0.00635387   -0.0119078   0.00122378  -0.00755304    0.0169599 -0.000147994  0.000933052    0.0400569  -0.00650197    0.0181657   0.00363988   0.00410114    0.0022817   -0.0123317 -0.000710767   0.00210567   -0.0062825    0.0176412   0.00385647   0.00943478    0.0295993  -0.00171119    0.0035027     0.038428   -0.0105251   -0.0156963   -0.0146643  -0.00962914  -0.00258572   0.00241685    -0.010733  -0.00819266  -0.00386301  -0.00159633  -0.00299037   -0.0051975  -0.00691365  -0.00670696  -0.00577616  -0.00423822  2.72055e-06   0.00144414   0.00217361   0.00204215   0.00100163  -0.00592313  -0.00416499  -0.00101848    0.0021113   0.00369827     0.003408   0.00218863  0.000948561   0.00217415  -0.00654946    0.0033079  -0.00476423   -0.0015612   0.00155946   0.00339062   0.00352614   0.00241054   0.00114067  -0.00658541  -0.00494877  -0.00159975    0.0010509
   0.0300835    0.0135001 -0.000627569  -0.00130681  -0.00330046    0.0730762    0.0123155   0.00409887    0.0268937   0.00844203   0.00832642   0.00313169     0.010022  -0.00118916  -0.00233893   -0.0108989  -0.00900624  -0.00705867   -0.0101359   -0.0120119   -0.0102797  -0.00778722   -0.0119999     0.013379   0.00333183   -0.0112848    0.0063857   -0.0033418    0.0166996     0.015393    0.0102807   0.00353699  -0.00311935  -0.00879684   -0.0128179   -0.0138435   0.00147615    0.0170195   -0.0103664    0.0156467   -0.0107194    0.0102454  -0.00975224   -0.0100546    -0.008879    0.0138371   -0.0128761    -0.012997   -0.0138529   -0.0118227    0.0133705    -0.009771  -0.00382022    0.0119055  -0.00814173   -0.0108427   0.00784089  -0.00491651   -0.0106399  -0.00777757   0.00228586   -0.0100715   0.00544248   0.00391238 -0.000116249  -0.00419222  -0.00755342    0.0020539 -2.72951e-05  -0.00526325  -0.00934184   -0.0110905   -0.0108869  -0.00992639    0.0137136    0.0228519    0.0126023   0.00265688  -0.00860924   -0.0126677   -0.0127764   -0.0110924    0.0247536    0.0331848    0.0180596 -0.000337792   -0.0103071   -0.0130746   -0.0120328  -0.00983098   -0.0115954    0.0123472     -0.01094   0.00964339   0.00408428  -0.00360081  -0.00969917   -0.0123542   -0.0119606   -0.0103149    0.0190927    0.0161241   0.00753371   -0.0105013
   0.0140349     0.121733 -4.85947e-05   0.00301888   0.00712325    0.0123155     0.171209   0.00554716   0.00816128     0.118811    0.0097014    0.0814607    0.0136689  0.000668747    0.0551666  -0.00682565  -0.00441352    0.0369277   -0.0048717  -0.00857846    0.0245097  5.75726e-05   -0.0109669    0.0116822    0.0409689    0.0160338   0.00818115    0.0262171    0.0975355     0.111413    0.0932609    0.0661186    0.0440757    0.0282556    0.0177799    0.0108199    0.0101531    0.0621762   -0.0146262    0.0649518   -0.0149926    0.0560995   -0.0132161   -0.0117373    0.0147056    0.0130116   0.00727509  -0.00774585   0.00275383   -0.0111055    0.0325649   -0.0126848   0.00292742    0.0305946  -0.00995782  -0.00278288    0.0249551  -0.00563728   -0.0116348  -0.00266011    0.0160778   -0.0128646   0.00691753   0.00275683   -0.0009518  -0.00556944   -0.0099646   0.00678745   0.00171358   -0.0032244  -0.00782719   -0.0115328   -0.0134777   -0.0134985    0.0131703    0.0108045   0.00597869   0.00290893  -0.00245605   -0.0069833  -0.00975144   -0.0108498    0.0137088    0.0122485   0.00843431     0.003109  -0.00243643  -0.00716101   -0.0104984   -0.0123134   -0.0113987    0.0129705  -0.00774908    0.0117508   0.00827888   0.00297308  -0.00289827    -0.008052   -0.0114508   -0.0126176    0.0133209    0.0122065   0.00829371   -0.0125217
   0.0033256   0.00461341    0.0244639    0.0036187  -0.00252497   0.00409887   0.00554716    0.0707566   0.00326948   0.00451748    0.0208675   0.00146136  -0.00398338   0.00102364  -0.00317162   -0.0149404  -0.00323448  -0.00810718   -0.0152819  -0.00676187   -0.0116626   -0.0122393  -0.00831893   0.00665624   0.00775853   -0.0127514   0.00601712  -0.00254765   0.00529684   0.00796971   0.00759377   0.00377075  -0.00296787   -0.0101541   -0.0149531   -0.0159731  -0.00107926   0.00310099   -0.0118768     0.010014   -0.0126748    0.0130412   -0.0107289  -0.00872732   -0.0116619   0.00607299   -0.0165484  -0.00382715   -0.0170343  -0.00735849  -0.00234859    -0.014128   0.00399663    0.0138955   -0.0118676  0.000471814    0.0288737  -0.00132638  -0.00852618  0.000170582    0.0156687   -0.0132714  -0.00428511    0.0116753    0.0266822    0.0142715  -0.00256254   0.00533709   0.00899258   0.00503416  -0.00285539  -0.00868549   -0.0106245   -0.0103006   0.00146961   0.00365319   0.00372203  0.000666795   -0.0025843  -0.00532096  -0.00702651  -0.00777641   0.00493453   0.00548442   0.00479234    0.0029186 -0.000358501  -0.00428514   -0.0073996  -0.00902039  -0.00770462   0.00647901  -0.00402703   0.00701032   0.00625623   0.00397575  0.000325862  -0.00390621  -0.00740805  -0.00913313   0.00602029   0.00640915   0.00566445  -0.00929971
  0.00115681   0.00855227  0.000783494   0.00659017  -0.00174658    0.0268937   0.00816128   0.00326948    0.0762351   0.00597908   0.00449387   0.00263375    0.0039433    0.0162947  -0.00118504  -0.00918477  -0.00065539  -0.00482418  -0.00809917  -0.00967044   -0.0075366  -0.00564036   -0.0124016   0.00552364   0.00320125  -0.00857801    0.0102493  -0.00153095    0.0104097    0.0101277    0.0073532   0.00320839  -0.00145878  -0.00598626  -0.00950134   -0.0106827  -0.00651137    0.0102512   -0.0105876    0.0101359   -0.0104384   0.00735896  -0.00840228   -0.0128701   -0.0061189  -0.00139797  -0.00975646  -0.00963724   -0.0109794   -0.0121225   0.00728891   -0.0086409   0.00535111   0.00740857  -0.00643133  -0.00352673   0.00567996  -0.00281505   -0.0120904   0.00169951   0.00237024  -0.00936268 -0.000917812   0.00104873   0.00137274 -0.000520403  -0.00451161 -0.000139777   0.00569893   0.00228816  -0.00504897  -0.00986675   -0.0114237   -0.0111028  -0.00387287    0.0125582    0.0280632    0.0298814   0.00341644  -0.00889014   -0.0128964   -0.0128641   0.00104054    0.0178208    0.0321598    0.0194949   0.00140247  -0.00905952    -0.012747   -0.0124062   -0.0110226   0.00035777  -0.00536347    0.0032419   0.00491051   0.00165069  -0.00382632  -0.00841199    -0.011414   -0.0124747   0.00615851   0.00809657   0.00807325   -0.0131293
  0.00908131    0.0836564   0.00265195   0.00263011    0.0148371   0.00844203     0.118811   0.00451748   0.00597908     0.168558   0.00413149     0.116312   0.00474253   0.00066371    0.0793537  -0.00356479  -0.00278223    0.0539063 -0.000219928  -0.00601301    0.0366598   0.00656777  -0.00804967   0.00734687    0.0528943    0.0248076   0.00565996    0.0384657    0.0694358    0.0935623     0.108002    0.0901511    0.0634676    0.0426301    0.0283881    0.0185846   0.00393926    0.0452319   -0.0131023    0.0562538   -0.0129817    0.0606554    -0.010673  -0.00841871    0.0249097   0.00779622    0.0151082  -0.00485796   0.00853781  -0.00766791    0.0206388   -0.0100449   0.00261539    0.0239103  -0.00610403  -0.00116081    0.0256735  -0.00137072  -0.00884105  -0.00110105    0.0222631   -0.0110946 -8.63376e-05  -0.00199118  -0.00276743  -0.00480812  -0.00771322    0.0022265 -0.000354751  -0.00285624  -0.00591171  -0.00910176   -0.0110499   -0.0113349   0.00775618   0.00668322   0.00385998   0.00263773  -0.00100905  -0.00431737  -0.00654552  -0.00768337   0.00850403   0.00802078   0.00610513   0.00297865 -0.000740953  -0.00434049  -0.00716459  -0.00887992  -0.00786984   0.00774972   -0.0049027   0.00732863   0.00559384   0.00246477  -0.00139376  -0.00513087  -0.00789643  -0.00905406   0.00803455    0.0076498   0.00563749  -0.00897025
   0.0101131    0.0119292  -0.00220436     0.001528   -0.0129629   0.00832642    0.0097014    0.0208675   0.00449387   0.00413149    0.0653836  -0.00256657    0.0230419  -0.00181324  -0.00846231   -0.0126619  -0.00599882    -0.012629   -0.0147869  -0.00825066   -0.0146691   -0.0158761  -0.00865781     0.010953  -0.00414874   -0.0143783   0.00687918   -0.0125451    0.0157887    0.0135902   0.00567513  -0.00347703   -0.0109018   -0.0157518   -0.0179267   -0.0170666    0.0111886    0.0172023  -0.00879785     0.016922   -0.0108125   0.00740694   -0.0123471  -0.00900418   -0.0169521    0.0125061   -0.0182499  -0.00713465   -0.0167101  -0.00918862    0.0174752   -0.0122692   0.00159827    0.0257234    -0.014162  -0.00339869    0.0132915   -0.0121661   -0.0080587  -0.00345574  -0.00347605  -0.00995448     0.014825     0.023381     0.011953  -0.00308287   -0.0107804    0.0114623   0.00484478  -0.00326803  -0.00848035   -0.0102471  -0.00969828  -0.00835532    0.0100492   0.00848485   0.00365375 -0.000134735   -0.0042709  -0.00711898  -0.00826134  -0.00821036    0.0117806    0.0100738   0.00585225  0.000705685  -0.00385162  -0.00701172  -0.00875344  -0.00957402  -0.00946917    0.0126494  -0.00717776    0.0111909   0.00726305   0.00200628  -0.00321547  -0.00729614  -0.00952263  -0.00994483    0.0124537    0.0110562   0.00686615  -0.00987095
  0.00277743    0.0569766   0.00385503   0.00161936    0.0222423   0.00313169    0.0814607   0.00146136   0.00263375     0.116312  -0.00256657     0.166179  -0.00383201  7.85997e-05     0.114774   0.00226827  -0.00104221    0.0790916   0.00705279  -0.00260142    0.0546659     0.014937  -0.00369715   0.00165187     0.057977    0.0377406   0.00200036    0.0514352    0.0469119    0.0664546    0.0902406     0.104928     0.088281    0.0634524     0.044104    0.0301182   -0.0028775    0.0292757  -0.00981767    0.0408117  -0.00944692    0.0526626  -0.00714518  -0.00331793    0.0386501   0.00124834    0.0265993  -0.00108438    0.0173938  -0.00272366   0.00896674  -0.00550988   0.00167466    0.0140994  -0.00104661  0.000561658    0.0212244   0.00281662  -0.00432985  0.000546645    0.0249095  -0.00725712  -0.00697967  -0.00729428  -0.00550709  -0.00464485  -0.00527669  -0.00325657  -0.00331349  -0.00302228  -0.00386682   -0.0057686  -0.00710461  -0.00738658    0.0012102   0.00126541  0.000663901   0.00176581  0.000549384 -0.000828929  -0.00195986  -0.00284843    0.0019479    0.0023937   0.00260817    0.0021815   0.00100923 -0.000674953  -0.00234593  -0.00364714   -0.0027922   0.00116569  -0.00116986   0.00152743   0.00177169   0.00135896  0.000253279  -0.00129405  -0.00282022  -0.00368438   0.00136639   0.00170434   0.00186462  -0.00360076
   0.0152727    0.0195945   -0.0136233 -0.000323751   -0.0161433     0.010022    0.0136689  -0.00398338    0.0039433   0.00474253    0.0230419  -0.00383201    0.0812512  -0.00423033  -0.00998949   -0.0103552  -0.00723025   -0.0134321    -0.012901  -0.00839729   -0.0145765   -0.0155779   -0.0082509    0.0130374   -0.0105136   -0.0136908   0.00661679   -0.0161653    0.0263517    0.0175243    0.0043112  -0.00689073   -0.0137088    -0.016818   -0.0175098   -0.0158802    0.0235694    0.0320151  -0.00662793    0.0185535  -0.00878577   0.00133846   -0.0115307  -0.00845134   -0.0176313    0.0165799   -0.0171414  -0.00884791   -0.0148975  -0.00963664    0.0416717  -0.00998435 -0.000476237    0.0179566   -0.0132506  -0.00593811  -0.00256931   -0.0151675   -0.0073741  -0.00593714   -0.0128772  -0.00748475    0.0378542    0.0147476   -0.0041438   -0.0120935   -0.0132955    0.0111966  -0.00171856   -0.0087655   -0.0107289  -0.00998036    -0.008367  -0.00681001    0.0175905   0.00995355    0.0015366  -0.00127516  -0.00520005  -0.00773666  -0.00847088  -0.00798294    0.0164286    0.0122561   0.00553167  -0.00133511   -0.0061311  -0.00832616  -0.00893093  -0.00909644  -0.00987696    0.0163812  -0.00887882    0.0132401   0.00719231  0.000260747  -0.00555203  -0.00909195   -0.0101556   -0.0095942    0.0163173    0.0134895   0.00699932  -0.00934587
  -0.0105757   0.00033275   0.00235969    0.0101046   -0.0018469  -0.00118916  0.000668747   0.00102364    0.0162947   0.00066371  -0.00181324  7.85997e-05  -0.00423033    0.0698541  -0.00129026  -0.00786388    0.0227376   -0.0032048  -0.00669378 -0.000296102  -0.00493898  -0.00447153  -0.00962413 -0.000667486  0.000285233   -0.0057608   0.00600422  -0.00146786   0.00010744  0.000679012  0.000890808  0.000424999  -0.00125751  -0.00389879  -0.00633048  -0.00736215   -0.0109104 -0.000729506   -0.0105744   7.8879e-05  -0.00880291  0.000544465  -0.00352609   -0.0132321  -0.00437231  -0.00578648   -0.0070234 -0.000279983  -0.00814307  -0.00780953  -0.00227042  -0.00743704    0.0100795  -0.00100957  -0.00420499   0.00745849  5.54861e-05  0.000101286   -0.0123445   0.00820248 -0.000103951  -0.00883216  -0.00713777  -0.00232118   0.00491732    0.0093327   0.00480518  -0.00238464    0.0146206    0.0263948    0.0133245  -0.00195215  -0.00968506   -0.0119232   -0.0117062  -0.00073767    0.0246731    0.0279077    0.0146718  -0.00077684  -0.00932252   -0.0125061  -0.00857181  -0.00182854   0.00857291    0.0155817    0.0107693 -0.000657465  -0.00938135   -0.0121036    -0.007548   -0.0040069  0.000737513   0.00044514   0.00564492   0.00812686   0.00603574  0.000124252  -0.00679859   -0.0113898  -0.00411853  1.45063e-05   0.00599832    -0.012193
 -0.00330193    0.0382649   0.00194743  3.28729e-05    0.0253045  -0.00233893    0.0551666  -0.00317162  -0.00118504    0.0793537  -0.00846231     0.114774  -0.00998949  -0.00129026     0.165958    0.0108573  6.39614e-05     0.115886    0.0161744  0.000739455    0.0808637    0.0226216    0.0012782  -0.00406932    0.0510373    0.0563824  -0.00206054    0.0580409    0.0304871    0.0444077    0.0634817    0.0881488     0.104762    0.0900062    0.0660477    0.0464677  -0.00859016    0.0168769  -0.00499525    0.0259495  -0.00518073    0.0379651  -0.00406456   0.00274778      0.05311  -0.00502163    0.0413233   0.00268771    0.0296744   0.00275667  0.000166792  0.000123227   0.00012364   0.00475786    0.0032768   0.00181847    0.0132748   0.00437469    0.0013042   0.00174721    0.0215512  -0.00134764   -0.0120975    -0.011877  -0.00893511  -0.00604364   -0.0042578  -0.00835217  -0.00677677  -0.00432092  -0.00284309  -0.00266102   -0.0024324   -0.0020747  -0.00481705  -0.00413965  -0.00302843  0.000325469   0.00170838   0.00266299   0.00315123   0.00292559  -0.00432165  -0.00328362  -0.00134162  0.000692005   0.00222732   0.00298294    0.0030524   0.00248534   0.00284688  -0.00517317   0.00258733   -0.0043065   -0.0024101 -0.000260031   0.00152386   0.00256177   0.00276129   0.00253289  -0.00502609  -0.00421723    -0.002246   0.00264485
  -0.0108812   -0.0077814   -0.0151619  -0.00605896   -0.0037998   -0.0108989  -0.00682565   -0.0149404  -0.00918477  -0.00356479   -0.0126619   0.00226827   -0.0103552  -0.00786388    0.0108573     0.104081   -0.0037995    0.0217828    0.0463572   0.00201096    0.0327772    0.0135853   0.00917791   -0.0121829   -0.0056898    0.0396603   -0.0102612   0.00463126   -0.0104911   -0.0102032  -0.00712269 -0.000832866   0.00955328    0.0248582    0.0428563    0.0544415   -0.0107036   -0.0117062    0.0172199   -0.0124251   0.00423515   -0.0107223  -0.00637107    0.0170609    0.0231944   -0.0121267    0.0513089    0.0076858    0.0737761     0.013831   -0.0107795     0.021436  -0.00605451   -0.0125355  0.000384651    0.0003271   -0.0134933    -0.010958    0.0148664   0.00032781    -0.011527    0.0447764   -0.0104614   -0.0125978   -0.0146351   -0.0151933   -0.0128569   -0.0120955    -0.012769   -0.0121182  -0.00931921  -0.00346294   0.00557098    0.0139565   -0.0106949     -0.01122   -0.0103857  -0.00537845 -0.000266701   0.00559633    0.0114888    0.0156792   -0.0115176   -0.0114754  -0.00963862  -0.00598325 -0.000107486   0.00709717    0.0134732     0.017106     0.014198   -0.0125276   0.00779827   -0.0126555   -0.0105731  -0.00590241  0.000744306   0.00799468    0.0139327      0.01699   -0.0122438   -0.0123667   -0.0102437     0.017008
  -0.0118655  -0.00515399  0.000520311   0.00853808 -0.000311738  -0.00900624  -0.00441352  -0.00323448  -0.00065539  -0.00278223  -0.00599882  -0.00104221  -0.00723025    0.0227376  6.39614e-05   -0.0037995    0.0699999   0.00034468  -0.00232062    0.0250545  9.54629e-05 -0.000749335  -0.00028777   -0.0066131  -0.00103171 -0.000365665  0.000439748  0.000205935   -0.0065354  -0.00560121  -0.00329823 -0.000893647  0.000407386  0.000426991 -0.000145445 -0.000872637   -0.0112624  -0.00698729  -0.00827697  -0.00598565  -0.00306256  -0.00356416   0.00458912  -0.00986314 -0.000110826   -0.0105261  -0.00102604   0.00519549   -0.0020154  -0.00204691  -0.00632009  -0.00306614   0.00768172  -0.00529448  0.000307883   0.00982057  -0.00349774   0.00220865   -0.0117852   0.00985097  -0.00144351  -0.00578096  -0.00931915  -0.00774784  -0.00283151   0.00515005   0.00935051  -0.00926676  -0.00169862      0.01345    0.0265039    0.0147918  -0.00225965   -0.0112626   -0.0119239  -0.00949499 -0.000282512    0.0146998    0.0279691    0.0164366  -0.00112775   -0.0110359   -0.0120565  -0.00855412 -0.000204893    0.0109333    0.0155015   0.00819533  -0.00263304  -0.00760608  -0.00141635  -0.00968137   0.00512519  -0.00548999  0.000940334   0.00629929   0.00778867   0.00468735  -0.00110663  -0.00596955   -0.0106512  -0.00636989   0.00152338  -0.00592007
   -0.008201    0.0251484  -0.00243646  -0.00187871    0.0222331  -0.00705867    0.0369277  -0.00810718  -0.00482418    0.0539063    -0.012629    0.0790916   -0.0134321   -0.0032048     0.115886    0.0217828   0.00034468     0.168038    0.0252442   0.00344773     0.118222    0.0264559   0.00608676  -0.00890165    0.0377616    0.0830768  -0.00586692    0.0525669    0.0188029    0.0284838    0.0423915     0.063013    0.0896836     0.107589     0.093114    0.0689542   -0.0125223   0.00802924   0.00100881    0.0144184 -0.000775668    0.0240738   -0.0020707   0.00883056    0.0607356   -0.0100289    0.0564757   0.00584393    0.0453401   0.00789629  -0.00539011   0.00588187  -0.00178967  -0.00227022   0.00556659    0.0023992   0.00494753   0.00266389   0.00725429   0.00230466    0.0139495   0.00629459   -0.0150922   -0.0151549   -0.0124048  -0.00870659  -0.00493178   -0.0123184   -0.0101701  -0.00652662   -0.0030389 -0.000311883   0.00227973   0.00397555  -0.00944377  -0.00865909  -0.00658996  -0.00143226   0.00227291   0.00557178   0.00795286    0.0087484  -0.00931456  -0.00808478  -0.00508768  -0.00124202   0.00270782   0.00602794    0.0081578   0.00855728   0.00815042   -0.0102695   0.00576639  -0.00924601  -0.00628424  -0.00213683   0.00220809    0.0058149   0.00795915   0.00862123   -0.0101293  -0.00917028  -0.00603856   0.00878215
  -0.0105806  -0.00683715   -0.0117004  -0.00400446    0.0108459   -0.0101359   -0.0048717   -0.0152819  -0.00809917 -0.000219928   -0.0147869   0.00705279    -0.012901  -0.00669378    0.0161744    0.0463572  -0.00232062    0.0252442    0.0898538   0.00274562    0.0310021      0.04071   0.00767477   -0.0115631   0.00210901    0.0309712   -0.0086737    0.0184629  -0.00999878  -0.00845725  -0.00325439    0.0059723    0.0189289     0.033612    0.0433598    0.0411673   -0.0120159   -0.0122353   0.00524591   -0.0117387    0.0048464  -0.00744491  0.000202224    0.0134874    0.0420234   -0.0122318    0.0605568   0.00770497    0.0502313    0.0119196   -0.0126711    0.0307653  -0.00393578   -0.0135714    0.0174471    0.0019198   -0.0120421 -0.000843251    0.0100341   0.00178287   -0.0052673    0.0221971   -0.0127118   -0.0146376   -0.0155553   -0.0138446  -0.00803773   -0.0131559   -0.0129977   -0.0107524  -0.00660242  -0.00128183   0.00401973   0.00641876   -0.0109139   -0.0110957  -0.00982457  -0.00419755  0.000745083   0.00588094    0.0101878     0.012187   -0.0115755   -0.0108984  -0.00816605  -0.00388578   0.00158782   0.00726659    0.0116512    0.0136771    0.0120978   -0.0125622   0.00758351   -0.0119499  -0.00900018  -0.00400537   0.00204622   0.00785443    0.0120255    0.0137382   -0.0123967   -0.0118203  -0.00873462    0.0137295
  -0.0114792  -0.00934813  -0.00319137   0.00138647 -0.000266102   -0.0120119  -0.00857846  -0.00676187  -0.00967044  -0.00601301  -0.00825066  -0.00260142  -0.00839729 -0.000296102  0.000739455   0.00201096    0.0250545   0.00344773   0.00274562    0.0712132   0.00514371   0.00221465    0.0211084   -0.0099417  -0.00331182   0.00545474  -0.00629308   0.00056264   -0.0114538   -0.0106366  -0.00727935  -0.00299749   0.00098492    0.0041368   0.00618038    0.0063606    -0.010275   -0.0113719  -0.00229803   -0.0106591   0.00487029  -0.00744356   0.00900902 -0.000310071   0.00351358   -0.0111182   0.00537181   0.00740695   0.00530522   0.00607191  -0.00873432   0.00240201  -0.00048961  -0.00827618   0.00312774   0.00499002  -0.00672722  0.000926756  -0.00481713   0.00560105  -0.00370745 -0.000172198  -0.00954894   -0.0098851  -0.00796539   -0.0022765   0.00539442   -0.0111457  -0.00949391  -0.00159544    0.0149833    0.0270837      0.01151  -0.00545021   -0.0110047   -0.0120276   -0.0102032  -0.00116642    0.0160648    0.0287731    0.0134552  -0.00377268   -0.0117705   -0.0113629   -0.0078425 -0.000268646   0.00852602    0.0122047   0.00749997   0.00251468   0.00678837   -0.0110633   0.00708026   -0.0093431  -0.00540081 -0.000303468   0.00426166    0.0067283   0.00642652   0.00441669   -0.0119444  -0.00990292  -0.00463168   0.00530495
  -0.0113208     0.016155  -0.00680783  -0.00358598    0.0155992   -0.0102797    0.0245097   -0.0116626   -0.0075366    0.0366598   -0.0146691    0.0546659   -0.0145765  -0.00493898    0.0808637    0.0327772  9.54629e-05     0.118222    0.0310021   0.00514371     0.170641    0.0250097   0.00968821   -0.0120903    0.0252683      0.12117  -0.00866563    0.0402718    0.0108599    0.0176407     0.027762    0.0433434    0.0653902    0.0926807      0.11091    0.0969912   -0.0144804   0.00229601   0.00697368   0.00658666   0.00292949    0.0137803   -0.0010782    0.0135729    0.0557701   -0.0131223    0.0647994   0.00788325    0.0619025    0.0116698  -0.00819876    0.0102955  -0.00351711  -0.00650449   0.00570065   0.00240078  -0.00139084 -0.000559714    0.0121459   0.00231234   0.00610086    0.0140722   -0.0161058    -0.016687   -0.0147129   -0.0110776  -0.00618675   -0.0145774   -0.0125178  -0.00852974  -0.00374761   0.00115087   0.00607501   0.00941857    -0.012211   -0.0115975  -0.00919027  -0.00299849   0.00230442   0.00739246    0.0114057    0.0132889   -0.0124127   -0.0112748  -0.00788081  -0.00304564   0.00257507   0.00795049    0.0118967    0.0132656    0.0120582   -0.0134387   0.00785847   -0.0125122  -0.00910067  -0.00376645    0.0023557   0.00795158    0.0117621    0.0133005   -0.0132807   -0.0124091  -0.00879267    0.0134989
 -0.00882396  -0.00362529  -0.00183222  -0.00107666    0.0402135  -0.00778722  5.75726e-05   -0.0122393  -0.00564036   0.00656777   -0.0158761     0.014937   -0.0155779  -0.00447153    0.0226216    0.0135853 -0.000749335    0.0264559      0.04071   0.00221465    0.0250097    0.0895424   0.00418789  -0.00927121    0.0181485     0.019935  -0.00556417    0.0409694   -0.0070781  -0.00313553   0.00541231    0.0181474    0.0313763    0.0380717    0.0338391    0.0237156   -0.0127828   -0.0108571  -0.00528255  -0.00765907  0.000460037   0.00143138   0.00486245   0.00775808    0.0561807   -0.0107712    0.0427553   0.00654131    0.0231727   0.00797942   -0.0138742    0.0175266 -0.000846153   -0.0124241    0.0318711   0.00349475  -0.00558658    0.0174983   0.00412649   0.00320163     0.010075   0.00104667    -0.015113   -0.0160798   -0.0144857  -0.00929321 -0.000564888   -0.0132366   -0.0117147  -0.00757156  -0.00292532 -0.000214071  0.000379439 -0.000914608   -0.0099841  -0.00958882  -0.00786888  -0.00229311   0.00146332    0.0047601   0.00680559    0.0069252   -0.0101165  -0.00869635  -0.00522774 -0.000855418   0.00320315   0.00613294   0.00769421   0.00802076   0.00798762   -0.0109727   0.00625333  -0.00952817  -0.00590919  -0.00120028   0.00328527   0.00656383   0.00813961   0.00822665    -0.010946  -0.00960505  -0.00579515   0.00813892
  -0.0102389   -0.0115984  -0.00611204  -0.00699447 -0.000684662   -0.0119999   -0.0109669  -0.00831893   -0.0124016  -0.00804967  -0.00865781  -0.00369715   -0.0082509  -0.00962413    0.0012782   0.00917791  -0.00028777   0.00608676   0.00767477    0.0211084   0.00968821   0.00418789    0.0636219   -0.0109878  -0.00509741    0.0109961   -0.0109549  0.000562374   -0.0139926   -0.0134566  -0.00982959    -0.004651   0.00125899   0.00720534    0.0119082    0.0134119  -0.00869435   -0.0134564   0.00824733   -0.0131044    0.0098017  -0.00981398   0.00433891    0.0142255   0.00646979  -0.00975994    0.0113636   0.00639494    0.0129704    0.0133533  -0.00956419   0.00697107  -0.00805963  -0.00952809   0.00294807  -0.00186427  -0.00842585  -0.00206053    0.0192139  -0.00089511  -0.00526513   0.00784627  -0.00863806  -0.00964464  -0.00969605  -0.00770084  -0.00282684   -0.0102492   -0.0112153  -0.00935301   -0.0020889    0.0117007    0.0212826    0.0109048  -0.00959445   -0.0113928    -0.012194  -0.00952405  -0.00120231    0.0135468    0.0240999    0.0141128   -0.0098228   -0.0113657   -0.0118467   -0.0094596  -0.00276788   0.00721485    0.0149525    0.0153265    0.0140357   -0.0101837   0.00705964   -0.0111632   -0.0105099  -0.00694548 -0.000669449   0.00695437    0.0134046     0.016138   -0.0103611    -0.011146   -0.0101411    0.0168571
   0.0130258    0.0132569  0.000945903  -0.00364228  -0.00464863     0.013379    0.0116822   0.00665624   0.00552364   0.00734687     0.010953   0.00165187    0.0130374 -0.000667486  -0.00406932   -0.0121829   -0.0066131  -0.00890165   -0.0115631   -0.0099417   -0.0120903  -0.00927121   -0.0109878    0.0556244   0.00151722   -0.0129141    0.0152481  -0.00536039    0.0164589     0.014638   0.00892648   0.00176124   -0.0051451   -0.0109339   -0.0149015   -0.0156874    0.0156234    0.0166097   -0.0105264    0.0146428   -0.0102308   0.00872988  -0.00818811  -0.00835117    -0.010981    0.0127598   -0.0148927   -0.0121479   -0.0156151    -0.010122    0.0131979   -0.0102739  -0.00355522    0.0111855  -0.00831218   -0.0109715   0.00713787  -0.00447013   -0.0103936  -0.00975968   0.00130718   -0.0107528    0.0148042    0.0127098   0.00743587    0.0010014  -0.00453789    0.0135962   0.00800437   0.00124726  -0.00457677  -0.00842715   -0.0098585  -0.00984182    0.0161923    0.0144908   0.00729247  -0.00348417  -0.00926697   -0.0115349   -0.0117023   -0.0103678   0.00761741      0.01648   0.00805612  -0.00422227   -0.0105337   -0.0119257   -0.0103292  -0.00777297    -0.010044    0.0107277   -0.0112427    0.0194788   0.00968899  -0.00387946   -0.0108419   -0.0122436   -0.0105113  -0.00811932     0.016094    0.0162019   0.00674315  -0.00800259
  0.00231591    0.0288795    0.0143902    0.0029194    0.0404914   0.00333183    0.0409689   0.00775853   0.00320125    0.0528943  -0.00414874     0.057977   -0.0105136  0.000285233    0.0510373   -0.0056898  -0.00103171    0.0377616   0.00210901  -0.00331182    0.0252683    0.0181485  -0.00509741   0.00151722     0.118209    0.0158263   0.00282399    0.0682938    0.0282044    0.0451937     0.067309    0.0815839    0.0653453    0.0415618    0.0241549    0.0129552  -0.00648883    0.0191249   -0.0142476    0.0376766   -0.0128415    0.0689684  -0.00865186   -0.0049154    0.0357964  0.000410478     0.016289 -0.000797131   0.00544781  -0.00359963    0.0019533  -0.00916208    0.0031183    0.0154421 -0.000136884    0.0018101    0.0388214   0.00994598  -0.00627089   0.00168229    0.0550074   -0.0130345   -0.0129195   -0.0108994  -0.00575116  -0.00334695    -0.004839  -0.00576355  -0.00446048  -0.00306665  -0.00414688   -0.0073024  -0.00968422   -0.0105597 -0.000251405  0.000534414   0.00047708   0.00240522  0.000956618 -0.000911104  -0.00267061  -0.00416895   0.00121702   0.00236768   0.00346852   0.00363113   0.00223599  -0.00042884    -0.003219  -0.00529013  -0.00372289  0.000366537  -0.00097829    0.0013888   0.00249252   0.00258283   0.00129862  -0.00106573  -0.00365594  -0.00526671  0.000528253   0.00145933   0.00251786    -0.005214
  -0.0120951    0.0100808   -0.0091991  -0.00450459   0.00901345   -0.0112848    0.0160338   -0.0127514  -0.00857801    0.0248076   -0.0143783    0.0377406   -0.0136908   -0.0057608    0.0563824    0.0396603 -0.000365665    0.0830768    0.0309712   0.00545474      0.12117     0.019935    0.0109961   -0.0129141    0.0158263      0.17465  -0.00969099    0.0280804   0.00572856    0.0104697     0.017835    0.0292926     0.045628    0.0680825    0.0963638     0.116173   -0.0141958 -0.000908806    0.0109725    0.0018753   0.00478065   0.00702933  -0.00101817    0.0155637    0.0436014   -0.0137067    0.0605432   0.00833916     0.071724    0.0130319  -0.00877936    0.0118383  -0.00445538  -0.00809266   0.00423516   0.00198558  -0.00486312  -0.00331091    0.0144606   0.00192312  0.000564743    0.0193267    -0.015091    -0.016018   -0.0148584   -0.0118417  -0.00698586   -0.0145538   -0.0129059   -0.0092851  -0.00430313   0.00152253   0.00779292      0.01253    -0.012661   -0.0122857   -0.0100181  -0.00383395   0.00191784   0.00767507    0.0124963    0.0151749   -0.0130523   -0.0121567  -0.00896278   -0.0040841   0.00203176   0.00829431    0.0131959    0.0152416    0.0134884   -0.0140509   0.00837976   -0.0133556   -0.0100967  -0.00459784   0.00206825   0.00848263    0.0131355    0.0152284   -0.0138771   -0.0132221  -0.00977435    0.0154275
-0.000484087   0.00882963   0.00351623   0.00909734  -0.00123647    0.0063857   0.00818115   0.00601712    0.0102493   0.00565996   0.00687918   0.00200036   0.00661679   0.00600422  -0.00206054   -0.0102612  0.000439748  -0.00586692   -0.0086737  -0.00629308  -0.00866563  -0.00556417   -0.0109549    0.0152481   0.00282399  -0.00969099       0.0647  -0.00208538    0.0107892    0.0101915   0.00701258   0.00254786  -0.00236442  -0.00710001    -0.010765   -0.0119721   0.00544898     0.010548   -0.0105493    0.0101101  -0.00855057   0.00710375  -0.00439049    -0.010787  -0.00694937  -0.00882296   -0.0108934   -0.0130324   -0.0122863   -0.0122312   0.00769792   -0.0081234    0.0182489    0.0075575  -0.00465214  -0.00589232   0.00617975 -0.000360767   -0.0123834  0.000901973   0.00303076  -0.00993636   0.00647454   0.00731952   0.00667402   0.00435113  0.000368546   0.00715628   0.00735627   0.00523205  0.000788678  -0.00462929  -0.00879774   -0.0107686   0.00381661   0.00704577   0.00808412   0.00673894  -0.00172233  -0.00927739   -0.0129501   -0.0130619  -0.00749766   0.00800737    0.0229488    0.0102507  -0.00585408    -0.012154   -0.0122639   -0.0101485   -0.0116733  -0.00691882  -0.00733327   0.00912712    0.0243778    0.0118925  -0.00433752   -0.0111897   -0.0121794   -0.0110631  -0.00131349   0.00630045    0.0113911   -0.0121882
 -0.00491201    0.0167709   0.00905764   0.00101315    0.0558382   -0.0033418    0.0262171  -0.00254765  -0.00153095    0.0384657   -0.0125451    0.0514352   -0.0161653  -0.00146786    0.0580409   0.00463126  0.000205935    0.0525669    0.0184629   0.00056264    0.0402718    0.0409694  0.000562374  -0.00536039    0.0682938    0.0280804  -0.00208538     0.118758    0.0137347    0.0248974    0.0420442    0.0656815    0.0818203    0.0672923    0.0447594    0.0275883   -0.0121484   0.00514273   -0.0101346    0.0158626  -0.00790592    0.0353888   -0.0036814   0.00228433    0.0698791  -0.00706806    0.0385131   0.00378547    0.0196819   0.00303231  -0.00795836 -0.000311985   0.00124232 -0.000368393    0.0104061   0.00334414     0.016436    0.0152858 -0.000113803   0.00313083    0.0399508   -0.0070135   -0.0169754   -0.0157488   -0.0107986  -0.00571412  -0.00271337   -0.0113324  -0.00863813  -0.00475717  -0.00281719  -0.00353738  -0.00458025  -0.00534652  -0.00706389  -0.00585233  -0.00401949  0.000549686   0.00226162   0.00321077   0.00334379   0.00250001  -0.00627973  -0.00451997  -0.00137913   0.00176817    0.0036747   0.00397258   0.00325806   0.00207464   0.00305931  -0.00719267   0.00355009  -0.00559786  -0.00252739  0.000649532   0.00285688   0.00361377   0.00309641   0.00221674  -0.00710946   -0.0056354  -0.00241555   0.00227765
   0.0199645     0.116813  -0.00433239   0.00319239  -0.00140378    0.0166996    0.0975355   0.00529684    0.0104097    0.0694358    0.0157887    0.0469119    0.0263517   0.00010744    0.0304871   -0.0104911   -0.0065354    0.0188029  -0.00999878   -0.0114538    0.0108599   -0.0070781   -0.0139926    0.0164589    0.0282044   0.00572856    0.0107892    0.0137347     0.159961     0.105075    0.0673174    0.0422278     0.025183    0.0134508   0.00606799    0.0017494     0.017101    0.0994476   -0.0161686    0.0775395   -0.0172655    0.0491566    -0.016461   -0.0150945   0.00399511     0.018956  -0.00143759   -0.0109783  -0.00401544   -0.0147629    0.0547739    -0.015636   0.00300635     0.041166    -0.014524  -0.00478789    0.0239523   -0.0111004   -0.0143973  -0.00459532   0.00884343   -0.0147455    0.0147863   0.00647333 -0.000923148  -0.00805984   -0.0134677    0.0109101   0.00260604  -0.00484857   -0.0106902   -0.0144923   -0.0160702   -0.0156192    0.0195417    0.0151622   0.00773541   0.00300934  -0.00414388  -0.00986558   -0.0130715   -0.0140292    0.0197934     0.017008    0.0108865   0.00301767  -0.00448335   -0.0102591    -0.013978   -0.0158469    -0.015139    0.0188532   -0.0109351    0.0165871    0.0110554   0.00328049  -0.00476454   -0.0113363   -0.0152608   -0.0163141     0.019307    0.0172499    0.0110718   -0.0161701
