   104   104     1
   0.0767217    0.0208589  -0.00356386   -0.0060991   -0.0044765    0.0206487    0.0179501   0.00179332  -0.00429204    0.0107555   0.00881604   0.00213536    0.0141395   -0.0114165  -0.00521708  -0.00631998  -0.00873257   -0.0101375  -0.00707592  -0.00627698   -0.0125898  -0.00724064  -0.00432486   0.00710031  0.000961441   -0.0125591  -0.00320565  -0.00695254    0.0258775    0.0223564    0.0126353   0.00149426  -0.00713439   -0.0122823   -0.0148364   -0.0143916   0.00366681    0.0257786   -0.0019378    0.0219196  -0.00330616    0.0119089  -0.00567688  -0.00291677   -0.0110487    0.0188495   -0.0130316   -0.0078963   -0.0123893  -0.00539765    0.0188154  -0.00394016  -0.00836961    0.0146113  -0.00557401  -0.00929145   0.00790144  -0.00589881  -0.00284788  -0.00958002  0.000874066  -0.00286574   0.00868881   0.00136292  -0.00586869  -0.00908541  -0.00843791  -0.00740441   -0.0117689   -0.0107692  -0.00792005  -0.00554004  -0.00330373  -0.00191388    0.0244923   0.00331337  -0.00992381   -0.0107919  -0.00982988  -0.00742246  -0.00526673  -0.00348644    0.0386026    0.0168235  -0.00260962   -0.0101458   -0.0103988   -0.0078914  -0.00499289  -0.00319206  -0.00558019    0.0137437  -0.00841137   0.00581123  -0.00145181  -0.00644387  -0.00856201  -0.00820499  -0.00596433  -0.00359176     0.018565     0.012446   0.00228093  -0.00313945
   0.0208589     0.172431  -0.00527793   0.00277485 -0.000857028    0.0176496     0.119481   0.00262236    0.0108295    0.0827013    0.0107708    0.0572899    0.0190878  2.81662e-05    0.0390536  -0.00922496  -0.00679975    0.0255331  -0.00847968    -0.011027    0.0158195  -0.00558548   -0.0126753    0.0151138    0.0285169   0.00926042    0.0099378    0.0168386     0.113218    0.0939064     0.067429    0.0468752    0.0310687    0.0186338   0.00994117   0.00448567    0.0177414    0.0688507   -0.0154019    0.0577789   -0.0167005    0.0422888   -0.0160667   -0.0135945   0.00727711    0.0175139   0.00115994   -0.0101609  -0.00212293   -0.0136003    0.0381998   -0.0149123   0.00278185    0.0290269   -0.0139302  -0.00443577    0.0179565   -0.0110187   -0.0126337  -0.00439018   0.00712598   -0.0139908    0.0128023   0.00569689  -0.00108912  -0.00790933   -0.0131756    0.0121097   0.00339685  -0.00482947   -0.0108735   -0.0141255   -0.0149835   -0.0141646    0.0209824    0.0167865   0.00858765   0.00292218  -0.00419168  -0.00928881   -0.0117603   -0.0123278    0.0192652    0.0165492    0.0105986   0.00295806  -0.00419833  -0.00951281   -0.0127511   -0.0145023   -0.0139738    0.0171723    -0.010174    0.0150074   0.00998729   0.00290261  -0.00447768   -0.0105238   -0.0141076    -0.015014    0.0178487     0.015881    0.0100838   -0.0148662
 -0.00356386  -0.00527793    0.0548856    0.0040007   0.00335904  -0.00028559  -0.00191083    0.0149177   0.00382972   0.00290664  -0.00413701   0.00600243   -0.0114307   0.00861457     0.004126  -0.00914622   0.00725561   -0.0021184  -0.00946312   0.00121632  -0.00858891  -0.00689379  -0.00413552 -0.000537485    0.0115572   -0.0117959   0.00223876   0.00686591  -0.00813921  -0.00358512   0.00402742   0.00983679   0.00709325    -0.002766   -0.0118212   -0.0152773  -0.00870341   -0.0106637  -0.00584959  -0.00536732  -0.00666775   0.00420856  -0.00502109  -0.00554184   -0.0048312  -0.00272868   -0.0129597  0.000596944   -0.0150143  -0.00280855    -0.011443  -0.00757158   0.00389833    -0.005078  -0.00649077   0.00330119   0.00790281   0.00897563  -0.00659404   0.00345241    0.0158406  -0.00605149   -0.0105904   -0.0045687   0.00798282    0.0160983   0.00428532  -0.00408717    0.0039681     0.010205   0.00674259  -0.00150155  -0.00625251  -0.00731772  -0.00573575  -0.00182468   0.00404578   0.00651585   0.00569111   0.00180147   -0.0026188  -0.00542764   -0.0032625 -0.000567864   0.00305779   0.00550306   0.00484565   0.00130641  -0.00288614  -0.00515134  -0.00280653  -0.00225483  0.000552193 -0.000339084   0.00196004   0.00314449   0.00256367  0.000350964  -0.00261777  -0.00477097  -0.00230234  -0.00053736   0.00209255  -0.00482997
  -0.0060991   0.00277485    0.0040007    0.0539454   0.00284221  -0.00178755   0.00367872   0.00256933   0.00404604   0.00421172  0.000222628   0.00384457  -0.00147884    0.0041881    0.0020926  -0.00472151   0.00331837 -0.000779925  -0.00250938 -0.000213129  -0.00363591  0.000338861  -0.00465552  -0.00466214   0.00539709  -0.00523059   0.00913903     0.003622   0.00278391   0.00408552   0.00512596   0.00518133   0.00316557 -0.000716469  -0.00468568  -0.00671332  -0.00286215   0.00191215  -0.00569802   0.00342668  -0.00341035   0.00485445  0.000108196  -0.00992148 -0.000295606   -0.0126815  -0.00444534   0.00282915  -0.00666476  -0.00827906  0.000193335  -0.00253543    0.0202317   0.00177596  0.000576539    0.0165094   0.00353405   0.00325564  -0.00768492   0.00836286   0.00401881  -0.00478761  -0.00252326 -0.000697777   0.00188237   0.00380863   0.00318125 -0.000797471   0.00136077   0.00217191   0.00147489 -0.000559201  -0.00343392  -0.00583975  -0.00411514   -0.0012261   0.00219793   0.00815738   0.00711383   0.00130559  -0.00545118  -0.00949418  -0.00859936  -0.00247518   0.00624704    0.0121388    0.0105923   0.00299695  -0.00507695   -0.0130166   -0.0130856    -0.017295  -0.00874659  -0.00812899    0.0121092    0.0309233     0.018959   -0.0018202   -0.0128165   -0.0153939   -0.0190617   -0.0106565    0.0119672   -0.0126999
  -0.0044765 -0.000857028   0.00335904   0.00284221    0.0751276  -0.00150316    0.0043577  -0.00754776    0.0027606     0.012412   -0.0108011    0.0202649   -0.0105514   0.00581237     0.023284  -0.00668835   0.00715355    0.0197264   0.00505349   0.00422687    0.0127465    0.0305286  0.000786354  -0.00412765    0.0345652   0.00629547 -0.000416226    0.0491104  -0.00392189   0.00235178    0.0142741    0.0282184    0.0341602     0.026713    0.0142884    0.0046556  -0.00933684  -0.00708442   -0.0126841  -0.00142249   -0.0101744    0.0123794  -0.00577595 -0.000672437    0.0333243  -0.00636267    0.0126925   0.00294791  0.000301148  0.000494927   -0.0090076  -0.00558451   0.00270539  -0.00612195   0.00788367   0.00393853   0.00376116    0.0161081  -0.00200656   0.00401797    0.0273609   -0.0122356   -0.0106162   -0.0117213   -0.0114981  -0.00934267  -0.00565305   -0.0087584  -0.00570199 -0.000659996  0.000926256  -0.00233563  -0.00568913  -0.00772081  -0.00621147  -0.00383849   0.00069561   0.00676489   0.00809838   0.00643953   0.00357065  0.000618627  -0.00576726  -0.00302972   0.00144588   0.00527639   0.00656172   0.00498199   0.00187171  -0.00150804  0.000757477  -0.00620901   0.00277536  -0.00424818  -0.00103605   0.00164104   0.00286427    0.0023171  0.000375342  -0.00133159  -0.00590139  -0.00403454 -0.000528874 -0.000829005
   0.0206487    0.0176496  -0.00028559  -0.00178755  -0.00150316    0.0643481    0.0162345   0.00361303    0.0207906    0.0112388   0.00749647   0.00450763   0.00898487  -0.00411616  -0.00214891  -0.00714814  -0.00824821  -0.00762614  -0.00670973  -0.00826445   -0.0111995  -0.00528393  -0.00630714   0.00825537   0.00479218   -0.0121355   0.00330738   -0.0025727    0.0215498    0.0200339    0.0134472   0.00497141  -0.00290767  -0.00920168   -0.0135026   -0.0143505  -0.00700823    0.0211252  -0.00403887    0.0196696  -0.00497291    0.0130328  -0.00586474  -0.00479082  -0.00815782   0.00769287   -0.0120975  -0.00897984    -0.012823  -0.00701816    0.0148122  -0.00467307  -0.00408769    0.0134481  -0.00456688   -0.0085229   0.00930948  -0.00313621  -0.00431833  -0.00574133   0.00374821  -0.00451934   0.00124409  1.33593e-05  -0.00309898  -0.00539381  -0.00628662  -0.00599606  -0.00553129  -0.00736436  -0.00811225  -0.00713126  -0.00501413  -0.00342155   0.00353935    0.0132242   0.00587632 -2.77587e-05  -0.00784193  -0.00904845  -0.00742759  -0.00521912    0.0171185    0.0264702    0.0136958  -0.00147087   -0.0084895  -0.00924638  -0.00708568  -0.00487768  -0.00665079   0.00646935  -0.00707107    0.0047519   0.00117098   -0.0038448  -0.00741045   -0.0082883  -0.00706379  -0.00531345    0.0125573    0.0104694   0.00426489  -0.00541741
   0.0179501     0.119481  -0.00191083   0.00367872    0.0043577    0.0162345     0.168695   0.00397308    0.0112807      0.11627   0.00829743    0.0791257    0.0125773   0.00264018    0.0532677  -0.00962333  -0.00378578    0.0356227  -0.00790794   -0.0091449    0.0237739  -0.00286335   -0.0123733    0.0134159    0.0378916      0.01563   0.00959843     0.023417    0.0949125     0.108431    0.0902144    0.0632511    0.0416652    0.0265387    0.0167745    0.0101955    0.0131596    0.0595305   -0.0176158    0.0618962   -0.0178508    0.0529446    -0.015449   -0.0138235    0.0123722    0.0148721     0.005492   -0.0089815   0.00132599   -0.0130937    0.0304362   -0.0160501   0.00362485    0.0280739   -0.0128756  -0.00305101    0.0222936  -0.00797545   -0.0134831  -0.00293085    0.0133928   -0.0161603   0.00760499   0.00325744 -0.000788377  -0.00608913   -0.0113462   0.00973778   0.00385124  -0.00216776  -0.00796645   -0.0127952   -0.0155366   -0.0158823    0.0173393    0.0149935    0.0092351    0.0048573  -0.00178064  -0.00745018   -0.0110263   -0.0125787     0.016432    0.0149041    0.0106389   0.00442949  -0.00221333  -0.00800537   -0.0121883   -0.0146248   -0.0134117    0.0146812  -0.00900113    0.0133269   0.00950441   0.00347066  -0.00334269  -0.00942602   -0.0135324   -0.0149884    0.0153417     0.014116   0.00968054   -0.0148177
  0.00179332   0.00262236    0.0149177   0.00256933  -0.00754776   0.00361303   0.00397308    0.0603351   0.00423517   0.00364547    0.0109805   0.00124387   -0.0124618   0.00388916  -0.00339297  -0.00716547  0.000836713  -0.00907627  -0.00969125  -0.00285537   -0.0134256   -0.0117587  -0.00498169   0.00310676   0.00419031   -0.0145608   0.00339524  -0.00426503   0.00189521   0.00484574   0.00538455   0.00291902  -0.00325289   -0.0110195    -0.016548   -0.0172858  -0.00510901  -0.00250013  -0.00247792   0.00407907  -0.00521371   0.00766927  -0.00807541  -0.00556382   -0.0120495   0.00226963    -0.015864  -0.00198526   -0.0152208  -0.00428655   -0.0102777  -0.00619829    0.0025723    0.0048207    -0.010353  0.000605228     0.019586  -0.00674852  -0.00528158  0.000727793   0.00725218  -0.00276857   -0.0111435   0.00403974     0.019128   0.00793084  -0.00533124    0.0016069   0.00638922   0.00465625  -0.00095864  -0.00504149  -0.00565952  -0.00458134 -0.000418531   0.00278661   0.00447688   0.00334728  0.000992523  -0.00196796  -0.00427063  -0.00523387   0.00212621   0.00331507    0.0038368   0.00315566   0.00106468  -0.00183933  -0.00437182  -0.00548724  -0.00438023   0.00251747  -0.00193569    0.0031702   0.00325676   0.00227721  0.000341777   -0.0020696  -0.00424421  -0.00542575   0.00260877   0.00315877   0.00323699  -0.00552033
 -0.00429204    0.0108295   0.00382972   0.00404604    0.0027606    0.0207906    0.0112807   0.00423517    0.0703349   0.00976418   0.00350213   0.00652655   0.00189873    0.0112198   0.00189358  -0.00705256  -0.00313684   -0.0033586  -0.00496717   -0.0085533  -0.00777274   -0.0016012  -0.00813822   0.00238368   0.00847886  -0.00979343   0.00677048   0.00336379    0.0126251    0.0135031    0.0118371   0.00822812   0.00275017  -0.00388935  -0.00973035   -0.0121265   -0.0117225    0.0116974  -0.00650282    0.0129005  -0.00645905    0.0115863  -0.00487836  -0.00715012  -0.00307163  -0.00408924  -0.00892789  -0.00788983   -0.0113843  -0.00788763   0.00718185   -0.0047251   0.00252664   0.00857528  -0.00210645  -0.00445576   0.00854406    0.0014143  -0.00632553   0.00101525   0.00648326   -0.0060335    -0.004833  -0.00232444 -0.000314715  0.000221681  -0.00190121   -0.0055044  0.000971496  -0.00123143  -0.00616926  -0.00778622  -0.00678898  -0.00550672  -0.00981279   0.00603591    0.0218071    0.0252456   0.00121593   -0.0079302  -0.00904355  -0.00738581  -0.00267918    0.0135323    0.0275483    0.0155729 -0.000401192  -0.00777294  -0.00858021  -0.00677956  -0.00655295  -0.00228386  -0.00337006  0.000214916   0.00176198 -0.000631106  -0.00423473  -0.00637959  -0.00711997  -0.00691002   0.00312955     0.004713   0.00479202  -0.00748374
   0.0107555    0.0827013   0.00290664   0.00421172     0.012412    0.0112388      0.11627   0.00364547   0.00976418     0.163739   0.00179149     0.109842   0.00192615   0.00572927    0.0731641  -0.00802909   0.00127134     0.049889  -0.00485041  -0.00459244    0.0352865   0.00287498  -0.00945281   0.00835165    0.0457693    0.0250927    0.0071875    0.0314102     0.068794    0.0910925     0.102431    0.0820275    0.0556057    0.0378306    0.0270983    0.0191507   0.00422779    0.0440078   -0.0179288    0.0536617   -0.0164367    0.0557069   -0.0116843   -0.0114093    0.0201957    0.0082964    0.0129387  -0.00555159   0.00767155  -0.00982525    0.0175772   -0.0147599   0.00407407    0.0204931  -0.00857322 -0.000503176    0.0227253   -0.0016697   -0.0120551 -0.000309565    0.0200888   -0.0165923  -0.00131855  -0.00222514  -0.00153827  -0.00295549  -0.00665775   0.00385233   0.00299901   0.00161038  -0.00240759  -0.00848249   -0.0134618   -0.0154991   0.00920395   0.00950578    0.0081596   0.00670998   0.00210498  -0.00323409  -0.00768155   -0.0103819   0.00944122   0.00973572   0.00864039    0.0056788   0.00109548  -0.00421922  -0.00893978   -0.0119609  -0.00999423   0.00830677  -0.00559006   0.00828675    0.0068945   0.00354094  -0.00111849  -0.00605333   -0.0101003    -0.012052   0.00884963   0.00886048   0.00718965   -0.0118518
  0.00881604    0.0107708  -0.00413701  0.000222628   -0.0108011   0.00749647   0.00829743    0.0109805   0.00350213   0.00179149    0.0487544   -0.0056717   0.00487309   -0.0027257   -0.0115942  -0.00519698  -0.00523306   -0.0151766  -0.00755928  -0.00537953   -0.0164519   -0.0105781   -0.0042926    0.0060047  -0.00852532   -0.0153432   0.00350281   -0.0141904    0.0130268    0.0107228   0.00189788  -0.00761031   -0.0142125   -0.0176122   -0.0186653   -0.0168796   0.00425711   0.00956751  0.000338986   0.00968114  -0.00176776   0.00107127  -0.00513168   -0.0041459   -0.0159523   0.00715556   -0.0158147  -0.00408657   -0.0135777  -0.00458378   0.00194705  -0.00260111  0.000330851    0.0113169  -0.00639418  -0.00242699   0.00413603  -0.00799246   -0.0029719  -0.00242837   -0.0063435 -0.000328586  0.000272164    0.0102761   0.00416416  -0.00446999  -0.00691426   0.00553748  0.000663545  -0.00471534  -0.00663851  -0.00541145  -0.00312966   -0.0013283   0.00800806   0.00708139   0.00216154 -0.000753404  -0.00366343  -0.00486568  -0.00470351  -0.00387684   0.00811612   0.00684013   0.00366798 -0.000118773  -0.00300576  -0.00439761  -0.00461643  -0.00432604  -0.00476091   0.00690159   -0.0040252   0.00582193   0.00349951  0.000543793  -0.00219457  -0.00404846  -0.00473006  -0.00457172   0.00725032   0.00621613   0.00345371  -0.00464194
  0.00213536    0.0572899   0.00600243   0.00384457    0.0202649   0.00450763    0.0791257   0.00124387   0.00652655     0.109842   -0.0056717     0.156488     -0.00811   0.00734923     0.105148  -0.00361617   0.00573946    0.0728231   0.00111019  0.000700049    0.0526456    0.0106931  -0.00456024   0.00176403    0.0477748    0.0384206   0.00338133    0.0410452    0.0481249    0.0646731     0.082866    0.0927152    0.0760691    0.0561032    0.0424277    0.0314515  -0.00521967    0.0294155   -0.0159039    0.0388481   -0.0131632    0.0465079  -0.00695868  -0.00658076    0.0319993  0.000325535    0.0239922  -0.00113183    0.0168092  -0.00470606   0.00523039   -0.0112415   0.00364596    0.0100928  -0.00300315   0.00202783    0.0182383   0.00437195   -0.0080219   0.00225065    0.0233641   -0.0144957   -0.0100041  -0.00832343  -0.00351818  -0.00083005  -0.00209267  -0.00312865  0.000690709   0.00400945   0.00259724  -0.00337044  -0.00934943   -0.0124815   -7.091e-05   0.00244126   0.00535038   0.00728721   0.00561059   0.00176669  -0.00249189  -0.00574867   0.00103916   0.00295367   0.00508841   0.00582452   0.00417649  0.000455563  -0.00380565   -0.0069815  -0.00467105   0.00047775  -0.00119024   0.00169674   0.00291638   0.00281729   0.00117956  -0.00164349  -0.00481928  -0.00683707  0.000862006   0.00202631   0.00331953  -0.00657422
   0.0141395    0.0190878   -0.0114307  -0.00147884   -0.0105514   0.00898487    0.0125773   -0.0124618   0.00189873   0.00192615   0.00487309     -0.00811      0.06022   -0.0072686     -0.01433   -0.0039614  -0.00846779   -0.0165649  -0.00572844  -0.00641333   -0.0162095  -0.00846322  -0.00369596   0.00784669   -0.0148468   -0.0141359   0.00330832   -0.0176651    0.0243552    0.0152073  0.000177512   -0.0122973     -0.01829   -0.0190573   -0.0177732   -0.0149699    0.0158688     0.024329   0.00138028    0.0115666  4.50064e-05  -0.00473594  -0.00284416  -0.00322996   -0.0161076    0.0108725   -0.0141408  -0.00535848   -0.0114826   -0.0047262    0.0240889 -0.000579192  -0.00129201   0.00251879  -0.00320231  -0.00438269   -0.0105704  -0.00656407  -0.00168377  -0.00461644   -0.0125472  0.000558038    0.0210062  0.000290428   -0.0112496   -0.0108849  -0.00655553    0.0046943  -0.00642593   -0.0108266  -0.00930484  -0.00513106  -0.00162782   0.00025593    0.0156136     0.008286  -0.00117353  -0.00370163  -0.00630261  -0.00627164  -0.00474752  -0.00302447    0.0125769   0.00872206   0.00294927  -0.00249894  -0.00551505  -0.00579915  -0.00462371  -0.00359339  -0.00497233    0.0101943  -0.00542588   0.00761155   0.00352881 -0.000716067   -0.0038994  -0.00533422  -0.00503555  -0.00402014    0.0105794   0.00825382   0.00348201  -0.00401201
  -0.0114165  2.81662e-05   0.00861457    0.0041881   0.00581237  -0.00411616   0.00264018   0.00388916    0.0112198   0.00572927   -0.0027257   0.00734923   -0.0072686    0.0640651   0.00570044  -0.00756717    0.0179848   0.00104398  -0.00376067  -0.00199742  -0.00418596    0.0014719  -0.00807229  -0.00092238    0.0104741  -0.00737899   0.00140149   0.00878101  -0.00126558   0.00226761   0.00705811    0.0102104   0.00830873   0.00158434  -0.00586676  -0.00993635   -0.0124135  -0.00277832  -0.00970952   0.00113475  -0.00717861   0.00656059 -0.000297473  -0.00708484   0.00173855  -0.00325941  -0.00601553  -0.00235328   -0.0102585  -0.00437349  -0.00414195  -0.00489803   0.00245782 -0.000169762   0.00102015   0.00073365   0.00461793   0.00717669  -0.00882431   0.00319181   0.00707502  -0.00822497   -0.0106446  -0.00476815     0.005302    0.0129816   0.00946699  -0.00431347    0.0117638    0.0226454    0.0106466  -0.00179109  -0.00722921  -0.00863976   -0.0129887  -0.00348213    0.0200254     0.022027    0.0097727  -0.00308629  -0.00820009  -0.00873263  -0.00687847   -0.0027577   0.00344205   0.00732822   0.00343934  -0.00318344  -0.00646541  -0.00525893  -0.00360729  -0.00161371  -0.00015366  0.000197794   0.00169447    0.0019561   0.00078301   -0.0012504  -0.00329383  -0.00463836  -0.00171751  8.33419e-05   0.00253742  -0.00536916
 -0.00521708    0.0390536     0.004126    0.0020926     0.023284  -0.00214891    0.0532677  -0.00339297   0.00189358    0.0731641   -0.0115942     0.105148     -0.01433   0.00570044     0.156184   0.00471906   0.00717458     0.109294   0.00997743   0.00494318    0.0784123    0.0182008    0.0017406   -0.0047024    0.0409155    0.0566158  -0.00121195    0.0475004    0.0322712     0.043163    0.0564462    0.0760104    0.0923704    0.0822729    0.0638551    0.0472751   -0.0120036    0.0175276   -0.0105689    0.0244808  -0.00842589    0.0321285  -0.00350781  0.000480891    0.0461177  -0.00677918    0.0382428   0.00313967    0.0286109   0.00145352  -0.00333492  -0.00557667   0.00190338  0.000997719   0.00137303   0.00347295    0.0104836   0.00598728 -0.000971881   0.00364536    0.0200961  -0.00853855   -0.0156091   -0.0133383  -0.00725046  -0.00230981 -0.000906846  -0.00922469   -0.0034275   0.00251162    0.0039038  0.000464586   -0.0036136   -0.0060359  -0.00743617  -0.00422163  0.000812375   0.00556164   0.00706727    0.0060955   0.00384042    0.0013444  -0.00625845     -0.00366  0.000480443   0.00410498     0.005636    0.0047588   0.00249367 -8.37127e-05   0.00171872  -0.00665567   0.00307841  -0.00484693  -0.00176799   0.00101856   0.00262822   0.00268975   0.00141672  0.000113612  -0.00638698  -0.00467125  -0.00130129  0.000494866
 -0.00631998  -0.00922496  -0.00914622  -0.00472151  -0.00668835  -0.00714814  -0.00962333  -0.00716547  -0.00705256  -0.00802909  -0.00519698  -0.00361617   -0.0039614  -0.00756717   0.00471906    0.0832377   -0.0045858    0.0167359    0.0276225     0.002052     0.029208   0.00230457    0.0105713  -0.00776052  -0.00958718    0.0367693  -0.00710933   -0.0024685   -0.0108245   -0.0119281   -0.0110248  -0.00730019   0.00188415    0.0179553    0.0374185    0.0494141  -0.00448396  -0.00981324 -0.000345525   -0.0112522   -0.0108273   -0.0113326   -0.0141675    0.0146546    0.0139065  -0.00724503    0.0408221   0.00476368    0.0626622   0.00911558  -0.00611495  0.000866124   -0.0046753  -0.00746229   -0.0105783 -0.000388925  -0.00889319   -0.0114036    0.0157665 -0.000528889  -0.00889734    0.0213049  -0.00374543  -0.00509881  -0.00727057  -0.00970791   -0.0126591  -0.00593802  -0.00803182   -0.0101861   -0.0103114  -0.00667316  0.000866684   0.00787312  -0.00550606  -0.00671745  -0.00773672  -0.00503961 -0.000601733    0.0060735    0.0132455    0.0172136  -0.00678974  -0.00739562  -0.00698443  -0.00487709  -0.00034246   0.00584595    0.0114008    0.0119089    0.0097455  -0.00761367   0.00483239  -0.00809339  -0.00724279  -0.00452059 -0.000257485   0.00456189   0.00862936    0.0111545    -0.007489  -0.00791599  -0.00704948     0.012046
 -0.00873257  -0.00679975   0.00725561   0.00331837   0.00715355  -0.00824821  -0.00378578  0.000836713  -0.00313684   0.00127134  -0.00523306   0.00573946  -0.00846779    0.0179848   0.00717458   -0.0045858    0.0643362   0.00531377  -0.00032872    0.0206036   0.00200338   0.00463144  -0.00283385  -0.00412438    0.0088333 -0.000746148  -0.00219403    0.0104139  -0.00931961  -0.00546077   0.00181035   0.00836914    0.0100564   0.00663315   0.00155227  -0.00216354  -0.00888518  -0.00981112    -0.010663  -0.00577078  -0.00436419   0.00186186    0.0058152  -0.00719777    0.0062797  -0.00496166     0.000561     0.001251  -0.00358024  -0.00126593  -0.00752083  -0.00257434   0.00080071  -0.00387669   0.00419317   0.00244066   0.00140713   0.00886679   -0.0127678   0.00418552   0.00584432  -0.00746715   -0.0100352  -0.00757439 -0.000519538   0.00955368    0.0133586  -0.00753876  -0.00200816    0.0106506    0.0229719    0.0123815  -0.00366207    -0.012217  -0.00896554  -0.00826063  -0.00215258   0.00979903    0.0222316     0.011602  -0.00373356   -0.0113935  -0.00691189  -0.00633551  -0.00310528   0.00351394   0.00743409     0.003529  -0.00281526  -0.00376772 -0.000294594  -0.00431389   0.00234578  -0.00303854  -0.00107811  0.000851169   0.00189005   0.00146646 -0.000220359  -0.00216216  -0.00512365  -0.00343356  4.77499e-06  -0.00221684
  -0.0101375    0.0255331   -0.0021184 -0.000779925    0.0197264  -0.00762614    0.0356227  -0.00907627   -0.0033586     0.049889   -0.0151766    0.0728231   -0.0165649   0.00104398     0.109294    0.0167359   0.00531377     0.163121    0.0200236   0.00742118      0.11564    0.0223545   0.00844632   -0.0100469    0.0308693    0.0821082  -0.00587538    0.0451231    0.0197545    0.0275208    0.0377797    0.0551154    0.0813422     0.101733    0.0903894    0.0680577   -0.0153171   0.00818949  -0.00224086    0.0131758  -0.00278222    0.0199967  -0.00195834   0.00869415    0.0551144    -0.011934    0.0530333   0.00658979    0.0431873   0.00770434  -0.00790597   0.00140442 -0.000885566  -0.00509889   0.00334793   0.00359631    0.0024832   0.00256675   0.00807139   0.00365137    0.0120153    0.0010886   -0.0178161   -0.0167201    -0.012111   -0.0071095  -0.00337793   -0.0135739  -0.00871515  -0.00265295   0.00126446   0.00239686   0.00293141   0.00308585   -0.0117954  -0.00940927  -0.00470562   0.00181437    0.0062159   0.00901958    0.0102779   0.00979849   -0.0113151  -0.00904691  -0.00443703  0.000793039   0.00522492   0.00798731    0.0089594   0.00769222   0.00819228   -0.0120077   0.00655289   -0.0103411  -0.00643816  -0.00158222   0.00299643   0.00627387   0.00765441   0.00775198   -0.0117804   -0.0101963  -0.00596086   0.00827868
 -0.00707592  -0.00847968  -0.00946312  -0.00250938   0.00505349  -0.00670973  -0.00790794  -0.00969125  -0.00496717  -0.00485041  -0.00755928   0.00111019  -0.00572844  -0.00376067   0.00997743    0.0276225  -0.00032872    0.0200236    0.0721306   0.00429752    0.0271853    0.0283717   0.00913758  -0.00768785  -0.00317563     0.027916  -0.00578198    0.0101545   -0.0105784   -0.0106245  -0.00763513 -0.000846627    0.0109618    0.0263626    0.0376423    0.0361303  -0.00653378   -0.0103977   -0.0102379   -0.0111629  -0.00882702  -0.00923029  -0.00783809    0.0108281    0.0320472  -0.00811484    0.0501377   0.00500754    0.0398427     0.007364  -0.00751371    0.0117258  -0.00261778  -0.00894465   0.00547435   0.00131314   -0.0094564   -0.0046621    0.0103453   0.00124871   -0.0058714   0.00144168  -0.00557767  -0.00726702  -0.00945745   -0.0106156   -0.0097387   -0.0075084  -0.00800346  -0.00760917  -0.00614386  -0.00357593 -0.000273058  0.000622921   -0.0068704  -0.00701631  -0.00603466  -0.00168511   0.00269388   0.00765233    0.0120098    0.0131057  -0.00773003  -0.00723677  -0.00522083   -0.0019678     0.002302   0.00669608   0.00973791   0.00847879   0.00788426  -0.00831402   0.00492378  -0.00792656  -0.00602371  -0.00282686   0.00102213   0.00457551   0.00691151   0.00802249  -0.00820711  -0.00779693  -0.00569624   0.00892404
 -0.00627698    -0.011027   0.00121632 -0.000213129   0.00422687  -0.00826445   -0.0091449  -0.00285537   -0.0085533  -0.00459244  -0.00537953  0.000700049  -0.00641333  -0.00199742   0.00494318     0.002052    0.0206036   0.00742118   0.00429752     0.064881   0.00824076   0.00556707    0.0137497  -0.00554289   0.00187922   0.00756332  -0.00519257   0.00638377   -0.0136159    -0.011405  -0.00528572   0.00154863    0.0064933   0.00892324   0.00954363   0.00836414  -0.00542228   -0.0127614   -0.0065998   -0.0106083   0.00146502  -0.00465569   0.00769651  -0.00359209   0.00815151  -0.00498968   0.00825282   0.00345655   0.00664392   0.00345222   -0.0077873   0.00173813  -0.00278842  -0.00609906   0.00460237  0.000841226  -0.00313022   0.00446576    -0.011912   0.00224205  0.000851041  -0.00217545  -0.00668829  -0.00675844  -0.00459995  0.000787209     0.006773   -0.0068461  -0.00722577  -0.00215048    0.0120101    0.0224658   0.00564074   -0.0115527  -0.00576853  -0.00791572  -0.00871149   -0.0029609    0.0116932     0.022625   0.00667905   -0.0099697  -0.00571627   -0.0070073  -0.00691488   -0.0030386   0.00359169   0.00713494    0.0033602  0.000869642   0.00406105  -0.00503502   0.00364679  -0.00494799  -0.00397942  -0.00186813  0.000918068   0.00326416    0.0040169   0.00294895  -0.00580834  -0.00524705  -0.00307885    0.0034052
  -0.0125898    0.0158195  -0.00858891  -0.00363591    0.0127465   -0.0111995    0.0237739   -0.0134256  -0.00777274    0.0352865   -0.0164519    0.0526456   -0.0162095  -0.00418596    0.0784123     0.029208   0.00200338      0.11564    0.0271853   0.00824076      0.16817    0.0215555     0.013715   -0.0134719    0.0225494     0.118958  -0.00947803    0.0369549    0.0105044    0.0168154    0.0261049     0.040832    0.0623277    0.0894708     0.107849    0.0942628   -0.0159259   0.00159377   0.00632445    0.0054374   0.00221768    0.0118708  -0.00165527    0.0156267    0.0521722   -0.0147413    0.0612151   0.00873157    0.0586474    0.0125368  -0.00961768      0.00735  -0.00363016  -0.00824378   0.00320009   0.00290749  -0.00339121  -0.00258091    0.0161353   0.00283739   0.00376043    0.0112776   -0.0176301   -0.0181672   -0.0159421   -0.0119827    -0.006839   -0.0157954   -0.0131483  -0.00836771  -0.00276173   0.00290404    0.0084637    0.0118014   -0.0134972   -0.0125482  -0.00943364  -0.00227015   0.00414408    0.0103185    0.0151238    0.0169831   -0.0139224   -0.0124831  -0.00840595  -0.00270201   0.00376471    0.0097535    0.0139356    0.0141784    0.0131894   -0.0150531   0.00874016   -0.0139149  -0.00998881   -0.0040306   0.00265103   0.00858089    0.0124417    0.0140284   -0.0148277   -0.0137393  -0.00954786    0.0146586
 -0.00724064  -0.00558548  -0.00689379  0.000338861    0.0305286  -0.00528393  -0.00286335   -0.0117587   -0.0016012   0.00287498   -0.0105781    0.0106931  -0.00846322    0.0014719    0.0182008   0.00230457   0.00463144    0.0223545    0.0283717   0.00556707    0.0215555    0.0779059   0.00561951  -0.00699547    0.0121446    0.0170116  -0.00361426    0.0328969  -0.00841703   -0.0058286   0.00140776     0.012879    0.0253181    0.0321026    0.0287304    0.0193622  -0.00908052  -0.00989769    -0.013846  -0.00846036  -0.00808993   -0.0018272  -0.00229859   0.00538505    0.0473269  -0.00861402    0.0344721   0.00477304    0.0158657   0.00462029  -0.00899476    0.0049842  0.000179618  -0.00955999     0.020407   0.00324384  -0.00704754   0.00831677   0.00387219   0.00325384    0.0039317   -0.0107045  -0.00848861   -0.0104361   -0.0121055   -0.0110891  -0.00568796  -0.00934345  -0.00765591  -0.00389796  -0.00101933 -0.000943334  -0.00222697  -0.00458925  -0.00800362  -0.00669199  -0.00321015   0.00283639    0.0062775   0.00806583   0.00848271   0.00699054  -0.00821314  -0.00629451  -0.00238355   0.00191467   0.00520442   0.00672043   0.00647539   0.00392568   0.00501079  -0.00860228   0.00460188  -0.00715211  -0.00406026 -0.000524602   0.00248496   0.00421381   0.00436646   0.00387618  -0.00844587  -0.00704005  -0.00361602   0.00457704
 -0.00432486   -0.0126753  -0.00413552  -0.00465552  0.000786354  -0.00630714   -0.0123733  -0.00498169  -0.00813822  -0.00945281   -0.0042926  -0.00456024  -0.00369596  -0.00807229    0.0017406    0.0105713  -0.00283385   0.00844632   0.00913758    0.0137497     0.013715   0.00561951    0.0522582  -0.00552406  -0.00542483    0.0156169   -0.0063438   0.00112191   -0.0147329   -0.0146573   -0.0112147   -0.0057635   0.00154783   0.00989772    0.0167891    0.0189095  -0.00277182   -0.0128644    0.0028999   -0.0129205   0.00516597  -0.00996753   0.00116355   0.00540132   0.00894491  -0.00426266    0.0156314   0.00320162    0.0176081   0.00787258  -0.00672113   0.00583226  -0.00535586  -0.00693182   0.00248517  -0.00200274  -0.00646185  -0.00143567   0.00668918   -0.0012797  -0.00363291   0.00627823  -0.00312596   -0.0043517  -0.00576967  -0.00610386  -0.00378762  -0.00454896   -0.0068939   -0.0074385  -0.00379645   0.00571113    0.0117569  0.000383318  -0.00356287  -0.00559991  -0.00786818  -0.00805784  -0.00360481   0.00689102    0.0139181   0.00269106    -0.004175  -0.00584274   -0.0073906  -0.00716663  -0.00376198   0.00253621   0.00744684   0.00853469   0.00799559  -0.00464518   0.00365823  -0.00564434  -0.00590148   -0.0043043 -0.000780211   0.00397478    0.0082535   0.00975448  -0.00483905  -0.00569467  -0.00582053   0.00971982
  0.00710031    0.0151138 -0.000537485  -0.00466214  -0.00412765   0.00825537    0.0134159   0.00310676   0.00238368   0.00835165    0.0060047   0.00176403   0.00784669  -0.00092238   -0.0047024  -0.00776052  -0.00412438   -0.0100469  -0.00768785  -0.00554289   -0.0134719  -0.00699547  -0.00552406    0.0509596  0.000921589   -0.0141248    0.0119569  -0.00564803    0.0182106    0.0162832   0.00967643   0.00162075  -0.00582447   -0.0118875   -0.0159943   -0.0164772   0.00896368    0.0167004   -0.0036097    0.0146975  -0.00382065   0.00830177  -0.00374235  -0.00351204   -0.0107119   0.00754844   -0.0142392  -0.00923838   -0.0145258  -0.00595519   0.00995757  -0.00442664  -0.00484524   0.00803791  -0.00456677   -0.0100295    0.0048638  -0.00341013  -0.00467485  -0.00855487  0.000261238  -0.00431841   0.00876432   0.00713821   0.00355867 -0.000370598  -0.00295701    0.0076587   0.00437346  0.000730272  -0.00213611  -0.00374337  -0.00376948   -0.0034097   0.00972991    0.0088743    0.0040034  -0.00400127  -0.00730334  -0.00774396  -0.00687499  -0.00523787    0.0020792    0.0116163   0.00485189  -0.00520688   -0.0092217   -0.0087089  -0.00590289  -0.00313122  -0.00555164   0.00555806   -0.0081303    0.0147992   0.00636073  -0.00518877  -0.00987962  -0.00926626  -0.00625515  -0.00339932    0.0108084    0.0113999   0.00356156  -0.00310275
 0.000961441    0.0285169    0.0115572   0.00539709    0.0345652   0.00479218    0.0378916   0.00419031   0.00847886    0.0457693  -0.00852532    0.0477748   -0.0148468    0.0104741    0.0409155  -0.00958718    0.0088333    0.0308693  -0.00317563   0.00187922    0.0225494    0.0121446  -0.00542483  0.000921589     0.105746     0.015939   0.00394752    0.0559299    0.0285381    0.0422799    0.0587805    0.0684165    0.0522786    0.0333094    0.0216597    0.0138255  -0.00951632    0.0184005   -0.0179694    0.0341893   -0.0150818    0.0606841  -0.00896659  -0.00830201    0.0277964  -0.00150334    0.0132187 -0.000496238   0.00521326   -0.0053976   -0.0022184   -0.0135163   0.00516586   0.00987625  -0.00367973   0.00356433    0.0326093   0.00712969   -0.0100723   0.00384978    0.0490058   -0.0174563   -0.0159975   -0.0126702   -0.0057552   -0.0025588   -0.0041607  -0.00613894 -0.000295615   0.00506543   0.00374231  -0.00385287   -0.0111939   -0.0149473  -0.00230045   0.00169452   0.00663053    0.0104634   0.00867017   0.00337258  -0.00272373  -0.00730272 -0.000575741   0.00258091   0.00643688   0.00837732   0.00666471   0.00164253  -0.00434152  -0.00865052  -0.00531414  -0.00125322 -0.000587207  0.000812794   0.00322072   0.00389734   0.00231175  -0.00118275  -0.00546669  -0.00834727  -0.00073381   0.00121832   0.00379328  -0.00802677
  -0.0125591   0.00926042   -0.0117959  -0.00523059   0.00629547   -0.0121355      0.01563   -0.0145608  -0.00979343    0.0250927   -0.0153432    0.0384206   -0.0141359  -0.00737899    0.0566158    0.0367693 -0.000746148    0.0821082     0.027916   0.00756332     0.118958    0.0170116    0.0156169   -0.0141248     0.015939     0.171842      -0.0108     0.027558   0.00454169   0.00974058    0.0180802    0.0302387    0.0459976    0.0667095    0.0933033     0.112475   -0.0143934  -0.00208896    0.0114515  0.000900476   0.00448352   0.00666638  -0.00217196     0.018675     0.041447   -0.0147775    0.0569905   0.00905467     0.067821    0.0143083  -0.00933098    0.0095618   -0.0051404  -0.00888125   0.00158346   0.00197915  -0.00620026  -0.00618667    0.0200069   0.00183503  -0.00159395     0.017606   -0.0155595   -0.0171012    -0.016671   -0.0139792  -0.00886824   -0.0153857   -0.0146368   -0.0114684  -0.00561102   0.00233232    0.0108317    0.0164944   -0.0128671   -0.0130412    -0.011501  -0.00483472   0.00211599   0.00987827    0.0166822    0.0201458    -0.013875   -0.0132137    -0.010074  -0.00482709   0.00220743   0.00971632    0.0156911    0.0169989    0.0150195   -0.0152274   0.00911419   -0.0146307   -0.0112246  -0.00528983   0.00199423   0.00903545     0.014182    0.0166858   -0.0150085   -0.0144321   -0.0108567    0.0173291
 -0.00320565    0.0099378   0.00223876   0.00913903 -0.000416226   0.00330738   0.00959843   0.00339524   0.00677048    0.0071875   0.00350281   0.00338133   0.00330832   0.00140149  -0.00121195  -0.00710933  -0.00219403  -0.00587538  -0.00578198  -0.00519257  -0.00947803  -0.00361426   -0.0063438    0.0119569   0.00394752      -0.0108    0.0633465 -0.000769061    0.0116414    0.0114401   0.00850745   0.00414931  -0.00115652  -0.00684135   -0.0114979   -0.0129874   0.00235045    0.0103122   -0.0049747    0.0102304  -0.00411032   0.00765766  -0.00223704  -0.00705479  -0.00597138   -0.0128894   -0.0104441   -0.0099849   -0.0119321  -0.00926381   0.00560147  -0.00401956    0.0192713    0.0056438  -0.00222535  -0.00328278   0.00502269    0.0001198  -0.00613132   0.00253098   0.00278187  -0.00516092   0.00289449   0.00334137   0.00299093   0.00191342  8.50314e-08    0.0033247   0.00291212   0.00107809  -0.00126398  -0.00315302  -0.00402734   -0.0044373   0.00120074   0.00364885   0.00365363   0.00350546  -0.00317207  -0.00776442  -0.00883595  -0.00775109   -0.0111986   0.00463589    0.0208359    0.0100218  -0.00444135  -0.00967854  -0.00899526  -0.00724459  -0.00873832   -0.0111388  -0.00476126   0.00575339    0.0229018    0.0126723  -0.00194298  -0.00818757  -0.00922283  -0.00830233  -0.00571202    0.0026065   0.00947096  -0.00935106
 -0.00695254    0.0168386   0.00686591     0.003622    0.0491104   -0.0025727     0.023417  -0.00426503   0.00336379    0.0314102   -0.0141904    0.0410452   -0.0176651   0.00878101    0.0475004   -0.0024685    0.0104139    0.0451231    0.0101545   0.00638377    0.0369549    0.0328969   0.00112191  -0.00564803    0.0559299     0.027558 -0.000769061     0.105617    0.0148958    0.0226323    0.0338524    0.0523773    0.0681497      0.05814    0.0412588    0.0273926   -0.0148012   0.00601824   -0.0161861    0.0138019   -0.0122822    0.0280272  -0.00534528 -0.000988997    0.0604024   -0.0086701    0.0335886   0.00389915    0.0174805  0.000859185  -0.00952336  -0.00786737    0.0033704  -0.00346855   0.00475627    0.0050684     0.011857    0.0117502  -0.00313109   0.00527754    0.0344389   -0.0148455   -0.0180616   -0.0155973  -0.00947601  -0.00440879  -0.00244122   -0.0113696  -0.00409276   0.00364954   0.00512632 -0.000244993  -0.00633686   -0.0101297  -0.00972183   -0.0053169   0.00184698   0.00859303    0.0103134   0.00816443     0.004217  0.000221912  -0.00818524  -0.00442352   0.00150305   0.00654104   0.00825361   0.00625755    0.0023022  -0.00170739   0.00118343  -0.00840258   0.00375946  -0.00576505  -0.00151634   0.00207515    0.0037904   0.00320825  0.000805186  -0.00138847   -0.0080987  -0.00559981 -0.000904891 -0.000862615
   0.0258775     0.113218  -0.00813921   0.00278391  -0.00392189    0.0215498    0.0949125   0.00189521    0.0126251     0.068794    0.0130268    0.0481249    0.0243552  -0.00126558    0.0322712   -0.0108245  -0.00931961    0.0197545   -0.0105784   -0.0136159    0.0105044  -0.00841703   -0.0147329    0.0182106    0.0285381   0.00454169    0.0116414    0.0148958     0.155132     0.101294    0.0662404    0.0438671    0.0275629    0.0144558   0.00525316  9.43358e-06     0.021777    0.0944419   -0.0162635     0.073141   -0.0183744    0.0469818   -0.0188099   -0.0155797   0.00414436    0.0213886  -0.00251574   -0.0122923  -0.00560549   -0.0159351    0.0513871   -0.0164722    0.0028222    0.0375894   -0.0166812   -0.0057805    0.0205085   -0.0144971   -0.0141026  -0.00574188   0.00558184   -0.0148026     0.015262   0.00587545  -0.00274837   -0.0108422   -0.0164655    0.0143146    0.0029495   -0.0073748   -0.0141775   -0.0169268   -0.0168533   -0.0152781    0.0260769    0.0204453   0.00964162   0.00262754  -0.00591085   -0.0115777   -0.0139296   -0.0141077    0.0237349    0.0201014    0.0124207   0.00283923  -0.00573985   -0.0116856   -0.0149862   -0.0166699    -0.016383    0.0208761   -0.0122851    0.0180178    0.0117041   0.00305335  -0.00572234   -0.0126706   -0.0165491   -0.0173281    0.0217525    0.0191493    0.0118222    -0.017169
