   104   104     1
   0.0767484    0.0208653  -0.00336195  -0.00616934  -0.00427053    0.0206124    0.0179914    0.0018965  -0.00442046    0.0108399   0.00880654   0.00224831    0.0140713   -0.0116501  -0.00510861  -0.00637534   -0.0089547   -0.0100661   -0.0070597    -0.006387   -0.0125677  -0.00711703  -0.00431072   0.00711495   0.00115909   -0.0125747  -0.00324353  -0.00675954    0.0258702    0.0223991    0.0127462   0.00165379  -0.00698006   -0.0121866   -0.0148168   -0.0144253   0.00367121     0.025755  -0.00198451    0.0219587  -0.00333092    0.0120387  -0.00564083  -0.00282109   -0.0109325    0.0189005   -0.0130141  -0.00790948    -0.012438  -0.00534737    0.0187754   -0.0039498  -0.00843883    0.0146394  -0.00547006  -0.00935179   0.00803289  -0.00569657  -0.00276638  -0.00964036    0.0010827  -0.00293593   0.00862451    0.0013213  -0.00584537   -0.0089903   -0.0083381  -0.00742923   -0.0118559   -0.0109192  -0.00806098   -0.0056009  -0.00328906  -0.00186625    0.0245167   0.00327681   -0.0100675   -0.0109875   -0.0100139  -0.00751778   -0.0052532  -0.00340247    0.0386493    0.0168201  -0.00268853    -0.010276    -0.010519  -0.00794227  -0.00495509   -0.0030979  -0.00553516    0.0137853  -0.00842221   0.00582293  -0.00147998   -0.0064921  -0.00860095  -0.00820726  -0.00591517  -0.00350584    0.0185948    0.0124478   0.00224178   -0.0030603
   0.0208653     0.172421  -0.00531825   0.00277826 -0.000898892    0.0176678     0.119467   0.00259807    0.0108645    0.0826833    0.0107647    0.0572705    0.0190916  8.70276e-05     0.039036   -0.0092193  -0.00674466    0.0255202  -0.00848628   -0.0109973    0.0158124  -0.00561122   -0.0126728    0.0151189    0.0284809   0.00925831   0.00994215     0.016805     0.113208     0.093889    0.0674051    0.0468483     0.031044    0.0186163   0.00993315   0.00448509     0.017746    0.0688418   -0.0153946    0.0577604   -0.0166955    0.0422593   -0.0160702    -0.013609   0.00725446    0.0175177   0.00115156   -0.0101683  -0.00212096    -0.013612    0.0381961   -0.0149129   0.00278196    0.0290116   -0.0139508  -0.00443982    0.0179248   -0.0110578   -0.0126462  -0.00438976   0.00708199    -0.013981    0.0128106   0.00570262  -0.00109183  -0.00792237   -0.0131889    0.0121222   0.00342265  -0.00479096   -0.0108373   -0.0141064   -0.0149813   -0.0141712    0.0209876    0.0168052   0.00862828   0.00296969  -0.00414864  -0.00926637   -0.0117604   -0.0123415    0.0192709     0.016561    0.0106165    0.0029768  -0.00418408  -0.00950757   -0.0127576   -0.0145171   -0.0139814    0.0171756   -0.0101782    0.0150104   0.00998834   0.00289927  -0.00448465    -0.010533   -0.0141192    -0.015027    0.0178531    0.0158857     0.010088   -0.0148755
 -0.00336195  -0.00531825    0.0553942   0.00382073   0.00390131 -0.000273306  -0.00184416     0.015153   0.00353501   0.00311701  -0.00420854   0.00631836   -0.0116526   0.00795731   0.00444418   -0.0092752   0.00659293  -0.00190278  -0.00940102  0.000865535  -0.00851702  -0.00655343  -0.00412537 -0.000478592    0.0120933    -0.011834   0.00215965   0.00741119   -0.0082357  -0.00353298   0.00430144    0.0102832   0.00754448  -0.00247988    -0.011756   -0.0153656  -0.00857768   -0.0108105  -0.00596601  -0.00533588  -0.00673907   0.00452016  -0.00494669  -0.00532576  -0.00449562  -0.00256718   -0.0128992  0.000536199   -0.0151386   -0.0027176   -0.0116156   -0.0075871   0.00373117   -0.0050667    -0.006217   0.00313975   0.00820646    0.0094972  -0.00638303   0.00328067    0.0163697  -0.00622173   -0.0107437  -0.00467642   0.00803369    0.0163289     0.004524  -0.00406339   0.00376033   0.00976565    0.0063032  -0.00170999  -0.00623032  -0.00718745  -0.00551616  -0.00179446   0.00370961   0.00597801   0.00514959    0.0014967  -0.00261767  -0.00522444  -0.00307251 -0.000523935   0.00288136    0.0051656   0.00450941   0.00113521  -0.00282806  -0.00494691  -0.00272421  -0.00212066  0.000497073 -0.000287976   0.00190559   0.00303083   0.00245807  0.000320613  -0.00252783  -0.00458817  -0.00217762 -0.000491578   0.00201392  -0.00466035
 -0.00616934   0.00277826   0.00382073    0.0539787    0.0026503    -0.001789   0.00365097    0.0024837   0.00416107   0.00414406  0.000241497   0.00374822  -0.00141019   0.00445558   0.00199541  -0.00468043   0.00358804  -0.00084965  -0.00253206 -6.86375e-05  -0.00366594  0.000219755  -0.00465492  -0.00467475   0.00522367  -0.00522862   0.00914702   0.00344614   0.00280201   0.00405902   0.00503635   0.00504423   0.00302696 -0.000809887  -0.00471648  -0.00669801  -0.00291134    0.0019471  -0.00566027   0.00340521  -0.00338313   0.00474748  9.14874e-05  -0.00997118 -0.000408918   -0.0127153  -0.00447444    0.0028363  -0.00663524  -0.00829417  0.000243532  -0.00252891    0.0202471   0.00176495  0.000482339    0.0165247   0.00342366    0.0030728  -0.00776284   0.00839477   0.00383007  -0.00472959  -0.00247827 -0.000663346   0.00187012   0.00374058   0.00311171 -0.000802612   0.00144986   0.00235273    0.0016564 -0.000468169  -0.00343642  -0.00588836  -0.00419706  -0.00123323   0.00233659   0.00836893   0.00732733   0.00142592  -0.00544627  -0.00956173   -0.0086476  -0.00248023   0.00630129    0.0122322    0.0106866   0.00305346  -0.00508049    -0.013055   -0.0131027   -0.0173217  -0.00873811  -0.00814233    0.0121078     0.030924    0.0189587  -0.00182448   -0.0128349   -0.0154274    -0.019087   -0.0106672    0.0119796    -0.012733
 -0.00427053 -0.000898892   0.00390131    0.0026503    0.0756896  -0.00149244   0.00442478  -0.00729196    0.0024572    0.0126247   -0.0108698    0.0205835   -0.0107808   0.00514525     0.023603  -0.00685339   0.00648481    0.0199393   0.00509112   0.00388242    0.0128117    0.0308677  0.000815555   -0.0040665    0.0351161   0.00624737 -0.000504604    0.0496655  -0.00402058   0.00240548    0.0145537    0.0286716    0.0346153    0.0269964    0.0143436   0.00455192  -0.00920814  -0.00723453   -0.0128235  -0.00138787   -0.0102601    0.0127023  -0.00569662  -0.00044035    0.0336574   -0.0061916    0.0127369   0.00287806  0.000152237  0.000587676  -0.00918547  -0.00562579   0.00252013  -0.00610652   0.00815924   0.00375921    0.0040827    0.0166569  -0.00177289    0.0038342    0.0279163   -0.0124439   -0.0107752   -0.0118276   -0.0114323  -0.00908552  -0.00539121  -0.00873038  -0.00590666  -0.00109941  0.000487735  -0.00253777  -0.00565692  -0.00758221  -0.00598756  -0.00380717  0.000354243   0.00621496   0.00754862    0.0061373   0.00358731  0.000843724   -0.0055689  -0.00298448   0.00125931    0.0049202   0.00620872   0.00480588   0.00193792  -0.00129373  0.000845314  -0.00606512   0.00271566  -0.00419407  -0.00109741    0.0015132   0.00274414   0.00227863  0.000466309  -0.00114033  -0.00576586  -0.00398366  -0.00061197 -0.000647525
   0.0206124    0.0176678 -0.000273306    -0.001789  -0.00149244    0.0643118    0.0162518   0.00362708    0.0207618    0.0112519    0.0075117   0.00451513   0.00899824  -0.00413932  -0.00214616   -0.0071524  -0.00825901  -0.00762633  -0.00671174  -0.00826303   -0.0112012  -0.00528055  -0.00629657   0.00824872   0.00480494   -0.0121378   0.00330394  -0.00256693     0.021573    0.0200564    0.0134643    0.0049807  -0.00290459  -0.00920207   -0.0135049   -0.0143536  -0.00703882    0.0211506  -0.00403744    0.0196955  -0.00497158    0.0130535  -0.00586293  -0.00477507  -0.00815673   0.00768329   -0.0120997  -0.00896695   -0.0128268  -0.00700315    0.0148344  -0.00467429  -0.00408511    0.0134719  -0.00456345  -0.00851414   0.00933094  -0.00312745  -0.00430417  -0.00573623    0.0037653  -0.00452233   0.00123923  9.34474e-06  -0.00310225  -0.00539458  -0.00628533   -0.0060271  -0.00555539     -0.00738   -0.0081193  -0.00713041  -0.00500729  -0.00341236   0.00349737    0.0131813   0.00584186  -4.6492e-05  -0.00784889  -0.00904376  -0.00741467  -0.00520308    0.0170983    0.0264517    0.0136819   -0.0014764  -0.00848639   -0.0092366  -0.00707144  -0.00486249  -0.00663886   0.00645902   -0.0070614    0.0047446   0.00116754  -0.00384218  -0.00740193  -0.00827584  -0.00704954  -0.00529932    0.0125383    0.0104529   0.00425583  -0.00540528
   0.0179914     0.119467  -0.00184416   0.00365097   0.00442478    0.0162518     0.168694   0.00399943    0.0112568     0.116289   0.00827828    0.0791603    0.0125367   0.00257166    0.0533041  -0.00964893  -0.00385824    0.0356468  -0.00790745  -0.00918206    0.0237799  -0.00282396   -0.0123683    0.0134308    0.0379542     0.015622   0.00958821    0.0234827    0.0948884     0.108426    0.0902404    0.0633019    0.0417184    0.0265714    0.0167788      0.01018    0.0131846    0.0594977    -0.017637    0.0618871    -0.017863    0.0529748   -0.0154367   -0.0137978    0.0124107    0.0149041   0.00549419  -0.00899914   0.00130373   -0.0130886    0.0303994   -0.0160589    0.0035954    0.0280621   -0.0128421  -0.00308322    0.0223241  -0.00790635   -0.0134553  -0.00295995    0.0134567   -0.0161915   0.00758128   0.00324232 -0.000777637  -0.00605129   -0.0113078   0.00975248   0.00383744  -0.00221141  -0.00801218    -0.012815   -0.0155312   -0.0158665    0.0173826    0.0150145   0.00920904   0.00479986  -0.00184229  -0.00748591   -0.0110254   -0.0125532    0.0164705    0.0149215     0.010622   0.00438457  -0.00226187  -0.00803214   -0.0121841   -0.0146023   -0.0134034    0.0147084  -0.00901397    0.0133393   0.00949649   0.00344849  -0.00336686  -0.00943928    -0.013527    -0.014968    0.0153684    0.0141293   0.00967146   -0.0147957
   0.0018965   0.00259807     0.015153    0.0024837  -0.00729196   0.00362708   0.00399943    0.0604345   0.00410249   0.00374009    0.0109295   0.00138929   -0.0125845   0.00358333  -0.00324514  -0.00721718   0.00052631  -0.00897548  -0.00965362  -0.00302077   -0.0133916   -0.0115932  -0.00497869    0.0031352    0.0044373   -0.0145779   0.00335794  -0.00400938   0.00184188   0.00486274    0.0055071    0.0031248  -0.00304233   -0.0108845   -0.0165158   -0.0173251  -0.00504923  -0.00258167  -0.00252561   0.00408196  -0.00524024   0.00780652  -0.00803511  -0.00546242   -0.0118891   0.00234699   -0.0158312  -0.00201456   -0.0152742   -0.0042433   -0.0103769  -0.00619597   0.00249252   0.00480878   -0.0102175  0.000527794    0.0197169  -0.00650097  -0.00518419  0.000646075    0.0074957  -0.00283874   -0.0112271   0.00397853    0.0191458   0.00803801  -0.00521631   0.00161944   0.00629256   0.00445078  -0.00116366  -0.00513751  -0.00564729  -0.00451834 -0.000307577   0.00280894   0.00432459   0.00309751  0.000738584  -0.00211252  -0.00427251  -0.00514064   0.00222011   0.00333989   0.00375657   0.00299758  0.000905735  -0.00192091  -0.00434512  -0.00539001  -0.00434143   0.00258084  -0.00196212   0.00319383   0.00323015   0.00222224  0.000290692  -0.00208444  -0.00420136  -0.00533862   0.00266815    0.0031805   0.00319945  -0.00544002
 -0.00442046    0.0108645   0.00353501   0.00416107    0.0024572    0.0207618    0.0112568   0.00410249    0.0704682   0.00965991   0.00355294   0.00636198   0.00203984    0.0115284   0.00172487   -0.0069712  -0.00281758  -0.00347389  -0.00499573  -0.00838053  -0.00781114  -0.00178974  -0.00813795   0.00234056   0.00819103  -0.00977201   0.00682526   0.00306704    0.0126944      0.01349    0.0116995   0.00799252   0.00250823  -0.00404383  -0.00976538   -0.0120771   -0.0118005    0.0117979  -0.00642279    0.0129009  -0.00641612    0.0114274  -0.00493407   -0.0072682  -0.00325455  -0.00420063  -0.00895893  -0.00783306   -0.0113119  -0.00793223   0.00729908  -0.00471095   0.00265163   0.00858682  -0.00226421  -0.00432937   0.00838451   0.00111116  -0.00642192   0.00113047   0.00619026   -0.0059257   -0.0047408  -0.00226803 -0.000362556  6.34484e-05  -0.00206197  -0.00553906   0.00104893  -0.00103648  -0.00596873  -0.00769233   -0.0067982  -0.00556055  -0.00994916   0.00599218    0.0219498    0.0255075   0.00148716  -0.00777037   -0.0090357  -0.00748214  -0.00280685    0.0134903    0.0276416    0.0157719 -0.000197053  -0.00766666  -0.00860795  -0.00689689   -0.0065979  -0.00238142  -0.00332638  0.000175712   0.00180157 -0.000540144  -0.00414377  -0.00634128  -0.00716439  -0.00701693   0.00303106   0.00466822   0.00483521  -0.00758578
   0.0108399    0.0826833   0.00311701   0.00414406    0.0126247    0.0112519     0.116289   0.00374009   0.00965991     0.163807   0.00175538     0.109947   0.00182644   0.00549037    0.0732701   -0.0080967   0.00102914    0.0499609  -0.00484095  -0.00471827    0.0353097   0.00300093  -0.00944415   0.00837772    0.0459614    0.0250775   0.00715776    0.0316057    0.0687548    0.0911068     0.102523    0.0821792    0.0557595    0.0379283    0.0271191    0.0191162   0.00427709     0.043946   -0.0179883    0.0536671   -0.0164716    0.0558167   -0.0116503     -0.01133    0.0203145   0.00836313    0.0129551  -0.00558104   0.00761773  -0.00979676    0.0174972   -0.0147799   0.00400684    0.0204867   -0.0084673 -0.000570585    0.0228394  -0.00145552   -0.0119735 -0.000375962    0.0202971   -0.0166785  -0.00138578  -0.00226857   -0.0015097  -0.00284957     -0.00655   0.00386762   0.00293124   0.00145733  -0.00256186  -0.00855385   -0.0134521   -0.0154538   0.00929431   0.00952689   0.00804272   0.00651212   0.00190415  -0.00334651  -0.00767872   -0.0103038   0.00951999   0.00975816   0.00857638   0.00555003  0.000965118  -0.00428712  -0.00892059   -0.0118884  -0.00996449   0.00836332  -0.00561294   0.00831016   0.00687481   0.00349523  -0.00116339  -0.00607023   -0.0100713   -0.0119869   0.00890397   0.00888379   0.00716304   -0.0117885
  0.00880654    0.0107647  -0.00420854  0.000241497   -0.0108698    0.0075117   0.00827828    0.0109295   0.00355294   0.00175538      0.04873  -0.00571908    0.0048654  -0.00263096   -0.0116394  -0.00516773  -0.00514139   -0.0152067  -0.00755486  -0.00533209   -0.0164623   -0.0106135   -0.0042952   0.00599886  -0.00860436   -0.0153386   0.00351098   -0.0142629    0.0130226    0.0107006   0.00184979  -0.00767621   -0.0142745   -0.0176498   -0.0186729   -0.0168666   0.00424269   0.00956105  0.000364512   0.00965321  -0.00174701   0.00101285   -0.0051307  -0.00417178   -0.0159924   0.00713901    -0.015817  -0.00408162   -0.0135555  -0.00459375   0.00193344  -0.00258421  0.000346515    0.0112816  -0.00641775   -0.0024126   0.00407403  -0.00805451  -0.00300136  -0.00241045   -0.0064215  -0.00029225  0.000269359    0.0102702   0.00414763  -0.00449928  -0.00693752   0.00553851  0.000694971   -0.0046532  -0.00657561  -0.00537856  -0.00312818  -0.00134194   0.00799521   0.00709454   0.00221869 -0.000675692   -0.0035897  -0.00482658  -0.00470632  -0.00390572   0.00810191   0.00684331    0.0036954 -7.60145e-05   -0.0029657  -0.00437759  -0.00462345  -0.00434811  -0.00477039   0.00688633  -0.00402003   0.00581476   0.00350281  0.000552215  -0.00218693  -0.00404721  -0.00474005  -0.00459107   0.00723751   0.00621136   0.00346169  -0.00466059
  0.00224831    0.0572705   0.00631836   0.00374822    0.0205835   0.00451513    0.0791603   0.00138929   0.00636198     0.109947  -0.00571908     0.156643  -0.00825181   0.00698544     0.105304  -0.00371644   0.00537391    0.0729288   0.00112423  0.000510982    0.0526804    0.0108809  -0.00454679   0.00179676    0.0480608    0.0383994   0.00333665     0.041334    0.0480765    0.0647023    0.0830064    0.0929394    0.0762948    0.0562469    0.0424594    0.0314023  -0.00515453    0.0293344    -0.015992    0.0388656   -0.0132153    0.0466763  -0.00690905  -0.00646092     0.032175   0.00041572    0.0240174  -0.00116881    0.0167311  -0.00465953   0.00512048   -0.0112714    0.0035514    0.0100919   -0.0028452   0.00193564    0.0184145    0.0046921  -0.00789893   0.00215789    0.0236784    -0.014624   -0.0101031  -0.00838742   -0.0034764 -0.000674161  -0.00193407   -0.0031146  0.000582636   0.00377646    0.0023643  -0.00347847  -0.00933534   -0.0124136  5.10644e-05   0.00245983   0.00516557   0.00698627   0.00530873   0.00159985  -0.00248545  -0.00562999   0.00114493   0.00297768   0.00498881   0.00563456   0.00398731  0.000359006  -0.00377406  -0.00687169  -0.00462502  0.000554168  -0.00121963   0.00172701   0.00288765   0.00275471   0.00112032  -0.00166213  -0.00477234  -0.00673878  0.000934947   0.00205583   0.00327979  -0.00648034
   0.0140713    0.0190916   -0.0116526  -0.00141019   -0.0107808   0.00899824    0.0125367   -0.0125845   0.00203984   0.00182644    0.0048654  -0.00825181    0.0602725  -0.00697275   -0.0144701  -0.00389467  -0.00817343   -0.0166598  -0.00574265  -0.00625797   -0.0162423  -0.00859927  -0.00370027   0.00782476   -0.0150857   -0.0141212   0.00333793   -0.0178994    0.0243768    0.0151672  4.65507e-05   -0.0124963   -0.0184863   -0.0191805   -0.0178015   -0.0149322    0.0158156     0.024362   0.00144005    0.0115258  8.79229e-05  -0.00488902  -0.00286253  -0.00331739   -0.0162476    0.0108112    -0.014162  -0.00533769   -0.0114249  -0.00476191    0.0241212 -0.000557263  -0.00123184   0.00247565  -0.00330566  -0.00432555   -0.0107252  -0.00677913  -0.00177596  -0.00455107   -0.0127829  0.000644394    0.0210447  0.000313775    -0.011281   -0.0109798  -0.00664589   0.00468858  -0.00633013   -0.0106294  -0.00910642  -0.00503258  -0.00163134  0.000203656    0.0155357   0.00829183  -0.00101264  -0.00346024  -0.00606431  -0.00613983  -0.00474974  -0.00311322    0.0125094   0.00871437     0.003029  -0.00235843  -0.00537778  -0.00572882  -0.00464636  -0.00367294  -0.00500485    0.0101419  -0.00540576   0.00758995   0.00354591 -0.000678701  -0.00386517  -0.00532619  -0.00507123  -0.00409064     0.010532   0.00823631   0.00351159  -0.00407783
  -0.0116501  8.70276e-05   0.00795731   0.00445558   0.00514525  -0.00413932   0.00257166   0.00358333    0.0115284   0.00549037  -0.00263096   0.00698544  -0.00697275    0.0647213    0.0053339  -0.00737676    0.0186485   0.00079857  -0.00381289  -0.00165171  -0.00426093   0.00106397  -0.00809505  -0.00100579   0.00983717  -0.00732265    0.0015389   0.00813367  -0.00113697   0.00221748   0.00674296   0.00969021   0.00778283   0.00125498  -0.00593207  -0.00981644   -0.0125447  -0.00258375  -0.00953378   0.00111091  -0.00708977   0.00619549 -0.000432095  -0.00737006   0.00134651  -0.00349465  -0.00607141  -0.00223544   -0.0100871  -0.00449244  -0.00390729  -0.00486219   0.00275102  -0.00016755  0.000673199   0.00102099   0.00425012   0.00650554  -0.00905093   0.00345039   0.00642243  -0.00798061   -0.0104352  -0.00464373   0.00519063    0.0126218   0.00909926   -0.0043597    0.0119382    0.0230529    0.0110555  -0.00161189  -0.00726694  -0.00876728   -0.0132322  -0.00353369    0.0203506    0.0225905    0.0103414  -0.00276319  -0.00820646  -0.00896336  -0.00713539  -0.00282877   0.00366433   0.00777617   0.00388669  -0.00296509  -0.00655031  -0.00554402  -0.00373046  -0.00181992 -6.71565e-05  0.000123057   0.00179844   0.00217348  0.000991738  -0.00117268  -0.00341226  -0.00490178  -0.00192101   6.5558e-07   0.00264937  -0.00562481
 -0.00510861     0.039036   0.00444418   0.00199541     0.023603  -0.00214616    0.0533041  -0.00324514   0.00172487    0.0732701   -0.0116394     0.105304   -0.0144701    0.0053339     0.156339   0.00461389   0.00680858     0.109398   0.00998731   0.00475685    0.0784451    0.0183867   0.00175959  -0.00467253    0.0412029    0.0565922  -0.00125907    0.0477891    0.0322251    0.0431947    0.0565885    0.0762356    0.0925957    0.0824148    0.0638841    0.0472226   -0.0119411    0.0174492   -0.0106584    0.0245013  -0.00847906    0.0322995  -0.00345821  0.000605319    0.0462914  -0.00669184    0.0382644   0.00310414    0.0285286   0.00150259  -0.00344229  -0.00561017    0.0018074  0.000999806    0.0015296   0.00338076    0.0106628   0.00630839 -0.000842586   0.00355268    0.0204125  -0.00867105   -0.0157083   -0.0134022  -0.00720818  -0.00215291  -0.00074737  -0.00921337  -0.00353782   0.00227706   0.00367062  0.000358215  -0.00359617   -0.0059643  -0.00731844   -0.0042076  0.000623576   0.00525803   0.00676517   0.00593145   0.00385223   0.00146934  -0.00615635   -0.0036398  0.000377533   0.00391301   0.00544677   0.00466435   0.00252908  2.92396e-05   0.00176661  -0.00658161   0.00305007  -0.00481895  -0.00179861  0.000954933   0.00256903   0.00267225   0.00146561   0.00021434  -0.00631615  -0.00464376  -0.00134259  0.000590993
 -0.00637534   -0.0092193   -0.0092752  -0.00468043  -0.00685339   -0.0071524  -0.00964893  -0.00721718   -0.0069712   -0.0080967  -0.00516773  -0.00371644  -0.00389467  -0.00737676   0.00461389    0.0832043  -0.00438392    0.0166551    0.0275428   0.00218304    0.0291642   0.00217067    0.0106169  -0.00777523  -0.00974416    0.0367549  -0.00709448  -0.00264003   -0.0108023   -0.0119482   -0.0111085  -0.00743652   0.00173912    0.0178484    0.0373675    0.0494034  -0.00451465  -0.00977388 -0.000347111    -0.011262    -0.010835   -0.0114211    -0.014197    0.0146152    0.0137782  -0.00728313    0.0407583   0.00477143    0.0626455   0.00908681  -0.00606364  0.000811933  -0.00464304  -0.00745952   -0.0106855 -0.000358524  -0.00897078   -0.0115515    0.0157565 -0.000490945  -0.00904266    0.0212858  -0.00369825  -0.00506016  -0.00727062  -0.00975517   -0.0127163  -0.00593814  -0.00796555   -0.0100547   -0.0101769  -0.00659674  0.000884362   0.00785789  -0.00556566  -0.00672409   -0.0076398  -0.00488627 -0.000437788   0.00618563    0.0132868    0.0172014  -0.00683726  -0.00740638   -0.0069402  -0.00479169 -0.000252991   0.00590028    0.0114004    0.0118545    0.0097227  -0.00764467   0.00484143  -0.00810624  -0.00723417  -0.00450212 -0.000242934   0.00455843   0.00859686    0.0111017  -0.00751793  -0.00792684  -0.00703182    0.0120033
  -0.0089547  -0.00674466   0.00659293   0.00358804   0.00648481  -0.00825901  -0.00385824   0.00052631  -0.00281758   0.00102914  -0.00514139   0.00537391  -0.00817343    0.0186485   0.00680858  -0.00438392    0.0649993    0.0050715 -0.000371361    0.0209378   0.00193366    0.0042277  -0.00287762  -0.00420745   0.00819218 -0.000683561  -0.00205441   0.00976619  -0.00919576  -0.00551618   0.00149045    0.0078461   0.00953085   0.00630782   0.00149409  -0.00203516  -0.00900522  -0.00962181   -0.0104887  -0.00580088   -0.0042772   0.00149069   0.00567711  -0.00749101    0.0058923  -0.00519706  0.000514024   0.00137029  -0.00339818  -0.00138412  -0.00729068  -0.00253168   0.00109695  -0.00388044   0.00384781   0.00273045   0.00103284   0.00819219   -0.0130179   0.00444493   0.00518639   -0.0072144   -0.0098216  -0.00744675 -0.000629882    0.0091917    0.0129869  -0.00757379   -0.0018252    0.0110629    0.0233795    0.0125516  -0.00371551   -0.0123616  -0.00919488  -0.00829717  -0.00181493    0.0103692    0.0228004    0.0119165  -0.00375639   -0.0116433  -0.00716464  -0.00640169  -0.00287726   0.00396659   0.00788298   0.00374477  -0.00290599  -0.00405372 -0.000420901   -0.0045198    0.0024313  -0.00311267 -0.000972319   0.00107089   0.00210079   0.00154557 -0.000337864  -0.00242594  -0.00532332   -0.0035123  0.000119881  -0.00247665
  -0.0100661    0.0255202  -0.00190278  -0.00084965    0.0199393  -0.00762633    0.0356468  -0.00897548  -0.00347389    0.0499609   -0.0152067    0.0729288   -0.0166598   0.00079857     0.109398    0.0166551    0.0050715     0.163189    0.0200216   0.00730356     0.115657    0.0224744   0.00847028   -0.0100291    0.0310645    0.0820864  -0.00591193    0.0453172    0.0197219    0.0275416    0.0378765    0.0552688    0.0814942     0.101825    0.0904025    0.0680144   -0.0152755   0.00813526  -0.00230363    0.0131892  -0.00281985    0.0201129  -0.00192451   0.00878601     0.055227   -0.0118756    0.0530396   0.00656461    0.0431221   0.00773995   -0.0079787   0.00137464  -0.00095655  -0.00509709   0.00344966    0.0035292   0.00260481   0.00278268   0.00817014   0.00358553    0.0122287  0.000991069   -0.0178837   -0.0167632   -0.0120812  -0.00700122  -0.00326816   -0.0135663  -0.00878884   -0.0028096   0.00111033   0.00233051   0.00295042   0.00314125   -0.0117172  -0.00940082  -0.00483299   0.00161002   0.00601537   0.00891545    0.0102956   0.00989363    -0.011247  -0.00903529  -0.00451009  0.000659191     0.005095   0.00792568   0.00898923   0.00777339   0.00822719   -0.0119581   0.00653311   -0.0103244  -0.00646315  -0.00163073   0.00295187   0.00626032   0.00768887   0.00782381   -0.0117322   -0.0101788  -0.00599178   0.00834811
  -0.0070597  -0.00848628  -0.00940102  -0.00253206   0.00509112  -0.00671174  -0.00790745  -0.00965362  -0.00499573  -0.00484095  -0.00755486   0.00112423  -0.00574265  -0.00381289   0.00998731    0.0275428 -0.000371361    0.0200216    0.0720751   0.00429832    0.0271692    0.0283652   0.00918491   -0.0076819  -0.00313637    0.0278899  -0.00579557    0.0101825   -0.0105882    -0.010623  -0.00761811 -0.000821246    0.0109801    0.0263605    0.0376173    0.0360903  -0.00652028   -0.0104089   -0.0102829   -0.0111582  -0.00886065   -0.0092032  -0.00783872    0.0108658     0.032043  -0.00809554    0.0500986   0.00499376    0.0397832   0.00736786  -0.00752429    0.0116669  -0.00264496   -0.0089358   0.00547034   0.00128627  -0.00941974   -0.0046142    0.0104106   0.00122595  -0.00581877   0.00136012  -0.00558714  -0.00726748  -0.00943723   -0.0105757  -0.00970578  -0.00750126  -0.00801383  -0.00763854  -0.00617012  -0.00357628 -0.000248521  0.000653664  -0.00685197  -0.00701421  -0.00606291  -0.00173068   0.00265767   0.00765115    0.0120495    0.0131659  -0.00771028  -0.00723326  -0.00524191  -0.00200556   0.00226886   0.00668726    0.0097573   0.00849771   0.00789179  -0.00829698   0.00491397  -0.00792089   -0.0060339  -0.00284787   0.00100021    0.0045622   0.00691193   0.00803571  -0.00819116  -0.00779098  -0.00570614   0.00894281
   -0.006387   -0.0109973  0.000865535 -6.86375e-05   0.00388242  -0.00826303  -0.00918206  -0.00302077  -0.00838053  -0.00471827  -0.00533209  0.000510982  -0.00625797  -0.00165171   0.00475685   0.00218304    0.0209378   0.00730356   0.00429832    0.0650274   0.00821679   0.00537032    0.0136839  -0.00558403   0.00154432   0.00760998   -0.0051131   0.00605089   -0.0135502   -0.0114337  -0.00545311   0.00127631   0.00622387    0.0087647   0.00952995   0.00844993  -0.00547981   -0.0126617  -0.00651018   -0.0106244   0.00150785  -0.00485086   0.00761785   -0.0037565    0.0079631  -0.00511287   0.00824939   0.00352769   0.00676251   0.00339818  -0.00766665   0.00177715  -0.00262382   -0.0061022   0.00442949   0.00100285  -0.00332807   0.00411225   -0.0120877   0.00238058  0.000506532  -0.00202438  -0.00657308  -0.00668997  -0.00465965  0.000591334   0.00657017   -0.0068601  -0.00712847   -0.0019376    0.0122124    0.0225325   0.00558084    -0.011661   -0.0058816  -0.00792797  -0.00853051  -0.00266152    0.0119829    0.0227695   0.00663526   -0.0101352  -0.00584631  -0.00703783  -0.00678904   -0.0027948   0.00382994   0.00724508   0.00330532  0.000724256   0.00399198  -0.00514306   0.00369229   -0.0049851   -0.0039191  -0.00174539     0.001037   0.00331373     0.003963   0.00281561  -0.00591241  -0.00528672  -0.00301581   0.00326426
  -0.0125677    0.0158124  -0.00851702  -0.00366594    0.0128117   -0.0112012    0.0237799   -0.0133916  -0.00781114    0.0353097   -0.0164623    0.0526804   -0.0162423  -0.00426093    0.0784451    0.0291642   0.00193366     0.115657    0.0271692   0.00821679     0.168167    0.0215848    0.0137417   -0.0134693    0.0226143     0.118941  -0.00949787    0.0370164      0.01049    0.0168198    0.0261367    0.0408835    0.0623765    0.0894948     0.107842     0.094235   -0.0159123   0.00157241   0.00629918   0.00543951   0.00220211    0.0119089  -0.00164337    0.0156696    0.0522005   -0.0147222    0.0612028   0.00872043    0.0586094     0.012552   -0.0096436   0.00732751  -0.00366441  -0.00824418   0.00322645   0.00287637   -0.0033515  -0.00251163    0.0161867   0.00280977   0.00382916    0.0112312   -0.0176536   -0.0181814   -0.0159299   -0.0119426  -0.00679884   -0.0157916   -0.0131696  -0.00841463  -0.00280543   0.00289218   0.00848218    0.0118311   -0.0134722   -0.0125452  -0.00947318  -0.00233454   0.00408518     0.010296     0.015146    0.0170321   -0.0139001   -0.0124814  -0.00843512  -0.00275285   0.00371821    0.0097365    0.0139549    0.0142128    0.0132048   -0.0150367   0.00873204   -0.0139125   -0.0100043  -0.00405644   0.00262778   0.00857264    0.0124548    0.0140579   -0.0148104   -0.0137346  -0.00956289    0.0146888
 -0.00711703  -0.00561122  -0.00655343  0.000219755    0.0308677  -0.00528055  -0.00282396   -0.0115932  -0.00178974   0.00300093   -0.0106135    0.0108809  -0.00859927   0.00106397    0.0183867   0.00217067    0.0042277    0.0224744    0.0283652   0.00537032    0.0215848    0.0780956   0.00565929  -0.00695843    0.0124775    0.0169718   -0.0036707    0.0332262  -0.00847614  -0.00579582   0.00157579     0.013149    0.0255853    0.0322625    0.0287498     0.019284  -0.00900144  -0.00998652   -0.0139482  -0.00843647  -0.00815605  -0.00162905  -0.00225438   0.00553534    0.0475142  -0.00850852    0.0344781   0.00472764    0.0157518   0.00467505  -0.00909935   0.00493088   6.2548e-05    -0.009545    0.0205617   0.00313052  -0.00684487   0.00865335   0.00403759   0.00313946   0.00427504   -0.0108642  -0.00858316   -0.0104963   -0.0120579   -0.0109232  -0.00552312  -0.00932513   -0.0077789   -0.0041641  -0.00128332  -0.00105959  -0.00219707  -0.00449541  -0.00786861  -0.00667502  -0.00342061   0.00249911   0.00594537   0.00789269    0.0085119   0.00714859   -0.0080922  -0.00626837  -0.00250055   0.00169398   0.00498815   0.00661636   0.00652255   0.00405639   0.00506434  -0.00851317   0.00456385  -0.00711894  -0.00409947 -0.000606007   0.00240765    0.0041865   0.00441854   0.00399093  -0.00836217  -0.00700882  -0.00366776    0.0046888
 -0.00431072   -0.0126728  -0.00412537  -0.00465492  0.000815555  -0.00629657   -0.0123683  -0.00497869  -0.00813795  -0.00944415   -0.0042952  -0.00454679  -0.00370027  -0.00809505   0.00175959    0.0106169  -0.00287762   0.00847028   0.00918491    0.0136839    0.0137417   0.00565929    0.0521744  -0.00551764  -0.00540718    0.0156434  -0.00633421    0.0011501   -0.0147316    -0.014653   -0.0112056  -0.00574787   0.00157146   0.00992884    0.0168242    0.0189439  -0.00276211   -0.0128653   0.00289253   -0.0129179   0.00515862  -0.00995856   0.00115456    0.0053876   0.00898323  -0.00425766    0.0156751   0.00321744    0.0176505   0.00789219  -0.00672491   0.00586466  -0.00534306   -0.0069323   0.00251028  -0.00198856  -0.00645459  -0.00141832    0.0066067  -0.00127947  -0.00361501    0.0063093  -0.00312582  -0.00435274  -0.00577156   -0.0061078  -0.00379458  -0.00454329  -0.00689837   -0.0074565  -0.00382965   0.00566227    0.0116948  0.000322415  -0.00354797   -0.0055901  -0.00787209  -0.00807241  -0.00363599   0.00684309    0.0138559   0.00262888  -0.00416629  -0.00583464  -0.00738435  -0.00716422  -0.00376592   0.00252614   0.00743521   0.00855115   0.00799351  -0.00464165   0.00365868  -0.00563958  -0.00589395  -0.00429325 -0.000766713   0.00399055   0.00827264   0.00977111  -0.00483552  -0.00569137  -0.00581829   0.00971674
  0.00711495    0.0151189 -0.000478592  -0.00467475   -0.0040665   0.00824872    0.0134308    0.0031352   0.00234056   0.00837772   0.00599886   0.00179676   0.00782476  -0.00100579  -0.00467253  -0.00777523  -0.00420745   -0.0100291   -0.0076819  -0.00558403   -0.0134693  -0.00695843  -0.00551764    0.0509282  0.000978854   -0.0141332    0.0119292  -0.00559248    0.0182117    0.0162985   0.00971004   0.00166689  -0.00578122   -0.0118626   -0.0159926    -0.016491   0.00898598    0.0166943   -0.0036191    0.0147093  -0.00382692   0.00833955  -0.00373465   -0.0034702   -0.0106794   0.00752284   -0.0142364  -0.00922271   -0.0145422  -0.00592178   0.00994225  -0.00442734  -0.00486161   0.00804214  -0.00453552   -0.0100308   0.00490028   -0.0033505  -0.00464202  -0.00855617  0.000322321   -0.0043356   0.00875293   0.00713064   0.00356607 -0.000345786   -0.0029322   0.00766758   0.00435046  0.000676156   -0.0021911  -0.00376912  -0.00376463  -0.00338943   0.00976032   0.00888154   0.00396206  -0.00407161  -0.00736865  -0.00777363  -0.00686375  -0.00520135   0.00206735    0.0115913   0.00481558  -0.00524547  -0.00924905  -0.00871277  -0.00587864  -0.00308733  -0.00552256     0.005534  -0.00811516    0.0147725   0.00633967  -0.00519746  -0.00987374  -0.00924581  -0.00622097  -0.00335783    0.0107957    0.0113848   0.00354534  -0.00306695
  0.00115909    0.0284809    0.0120933   0.00522367    0.0351161   0.00480494    0.0379542    0.0044373   0.00819103    0.0459614  -0.00860436    0.0480608   -0.0150857   0.00983717    0.0412029  -0.00974416   0.00819218    0.0310645  -0.00313637   0.00154432    0.0226143    0.0124775  -0.00540718  0.000978854     0.106257     0.015902   0.00386764    0.0564479    0.0284495    0.0423312    0.0590352    0.0688264    0.0526921    0.0335725    0.0217191    0.0137396  -0.00939948     0.018257   -0.0181094      0.03422   -0.0151646    0.0609836  -0.00888253   -0.0080903    0.0281134  -0.00134446    0.0132694 -0.000560203   0.00508246  -0.00531225  -0.00240385   -0.0135538   0.00499761   0.00987866  -0.00340361   0.00340102    0.0329147   0.00767557  -0.00986178   0.00368347    0.0495467   -0.0176594   -0.0161639   -0.0127802  -0.00568898  -0.00229978  -0.00389554  -0.00611435 -0.000488235   0.00465209   0.00332889  -0.00404602   -0.0111705   -0.0148264  -0.00208659   0.00172643   0.00630647   0.00993764   0.00814186   0.00307806  -0.00271706  -0.00709914 -0.000389551   0.00262337   0.00626196   0.00804316   0.00633194   0.00147308   -0.0042851  -0.00845306  -0.00523209  -0.00111917 -0.000639927  0.000864728    0.0031677   0.00378436   0.00220565  -0.00121512  -0.00538108  -0.00817012 -0.000606391   0.00126831   0.00372018  -0.00785925
  -0.0125747   0.00925831    -0.011834  -0.00522862   0.00624737   -0.0121378     0.015622   -0.0145779  -0.00977201    0.0250775   -0.0153386    0.0383994   -0.0141212  -0.00732265    0.0565922    0.0367549 -0.000683561    0.0820864    0.0278899   0.00760998     0.118941    0.0169718    0.0156434   -0.0141332     0.015902      0.17183   -0.0108055    0.0275161   0.00454209   0.00973258    0.0180608    0.0302098    0.0459651    0.0666805     0.093282     0.112461   -0.0144014   -0.0020844    0.0114544   0.00089406   0.00448447   0.00664352  -0.00217712    0.0186779    0.0414105   -0.0147885    0.0569652   0.00905457    0.0678059    0.0143066  -0.00932095   0.00954524  -0.00514449  -0.00888352   0.00155232   0.00197716  -0.00622365  -0.00622956     0.020019   0.00183797  -0.00163628    0.0175991   -0.0155493    -0.017093    -0.016672   -0.0139912  -0.00888156   -0.0153848   -0.0146175   -0.0114304  -0.00556977   0.00236141    0.0108479     0.016502   -0.0128829   -0.0130421   -0.0114726  -0.00479108   0.00216577   0.00991727    0.0167057    0.0201567   -0.0138879   -0.0132191   -0.0100682  -0.00481256   0.00222607    0.0097333    0.0157007    0.0169954     0.015019   -0.0152364   0.00911525   -0.0146386   -0.0112314   -0.0052965   0.00198871   0.00903165    0.0141778    0.0166812    -0.015015   -0.0144368   -0.0108584    0.0173276
 -0.00324353   0.00994215   0.00215965   0.00914702 -0.000504604   0.00330394   0.00958821   0.00335794   0.00682526   0.00715776   0.00351098   0.00333665   0.00333793    0.0015389  -0.00125907  -0.00709448  -0.00205441  -0.00591193  -0.00579557   -0.0051131  -0.00949787   -0.0036707  -0.00633421    0.0119292   0.00386764   -0.0108055    0.0633331 -0.000851805    0.0116527    0.0114308   0.00846782   0.00408602  -0.00122276  -0.00688933   -0.0115191   -0.0129879   0.00233127    0.0103297  -0.00495624    0.0102221  -0.00409445   0.00760938   -0.0022382   -0.0070629  -0.00602768   -0.0129265   -0.0104638  -0.00997396   -0.0119254  -0.00925616   0.00562287  -0.00401668    0.0192682   0.00563766  -0.00226669  -0.00327729   0.00497216  3.92428e-05   -0.0061605   0.00254522   0.00269571  -0.00513581   0.00291574   0.00336038   0.00299182   0.00189082 -2.32232e-05   0.00332941   0.00296381   0.00117477  -0.00116684  -0.00310016  -0.00402102  -0.00445506   0.00116492   0.00365129   0.00372746   0.00361076  -0.00306222  -0.00769731  -0.00882321  -0.00777279    -0.011237   0.00461824    0.0208505    0.0100602  -0.00439581  -0.00964359  -0.00898339  -0.00724471  -0.00872676   -0.0111686  -0.00474748   0.00572866    0.0228857    0.0126632  -0.00194404    -0.008181  -0.00921494  -0.00829762  -0.00573008   0.00259387   0.00946747  -0.00934299
 -0.00675954     0.016805   0.00741119   0.00344614    0.0496655  -0.00256693    0.0234827  -0.00400938   0.00306704    0.0316057   -0.0142629     0.041334   -0.0178994   0.00813367    0.0477891  -0.00264003   0.00976619    0.0453172    0.0101825   0.00605089    0.0370164    0.0332262    0.0011501  -0.00559248    0.0564479    0.0275161 -0.000851805     0.106138    0.0148104     0.022688    0.0341123    0.0527919    0.0685653    0.0584014    0.0413128    0.0272993   -0.0146861   0.00587929   -0.0163332    0.0138388   -0.0123709    0.0283342  -0.00526283 -0.000769488    0.0607167  -0.00851194    0.0336311   0.00383549    0.0173388  0.000946786    -0.009703  -0.00791628    0.0031993  -0.00345814   0.00502912   0.00490348    0.0121719    0.0123012  -0.00290703   0.00510956    0.0349886    -0.015063   -0.0182266   -0.0157052  -0.00940643  -0.00414519  -0.00217312    -0.011348  -0.00429001   0.00322998   0.00470835 -0.000437698  -0.00630806    -0.010002   -0.0095123  -0.00529174    0.0015136   0.00805826   0.00977997   0.00787218   0.00423335  0.000438307  -0.00800143  -0.00438508   0.00132245   0.00620134   0.00791784   0.00608936   0.00236399  -0.00150599   0.00126757  -0.00826895   0.00370685  -0.00571422  -0.00157127   0.00196024   0.00368311   0.00317587  0.000892131  -0.00120867   -0.0079722  -0.00555136 -0.000980139  -0.00069186
   0.0258702     0.113208   -0.0082357   0.00280201  -0.00402058     0.021573    0.0948884   0.00184188    0.0126944    0.0687548    0.0130226    0.0480765    0.0243768  -0.00113697    0.0322251   -0.0108023  -0.00919576    0.0197219   -0.0105882   -0.0135502      0.01049  -0.00847614   -0.0147316    0.0182117    0.0284495   0.00454209    0.0116527    0.0148104     0.155125     0.101266    0.0661883    0.0437988    0.0274975    0.0144122   0.00523829  1.60631e-05    0.0217733    0.0944403    -0.016241    0.0731131   -0.0183595    0.0469181   -0.0188202   -0.0156149   0.00409002    0.0213799  -0.00252972   -0.0122962  -0.00559123   -0.0159562    0.0513947   -0.0164676   0.00283537     0.037567   -0.0167289  -0.00577272    0.0204408   -0.0145916   -0.0141364  -0.00572793   0.00548016   -0.0147711    0.0152843   0.00589009  -0.00275831   -0.0108804   -0.0165039    0.0143286   0.00299862  -0.00729106   -0.0140966    -0.016886   -0.0168521   -0.0152961    0.0260668    0.0204676   0.00972129   0.00273222  -0.00581191   -0.0115248   -0.0139305   -0.0141424     0.023727     0.020113    0.0124579   0.00289038   -0.0056945   -0.0116648   -0.0149986   -0.0167039   -0.0163988    0.0208688   -0.0122859    0.0180167     0.011709    0.0030576  -0.00572293   -0.0126794   -0.0165701   -0.0173581    0.0217475    0.0191509    0.0118331   -0.0171937
