   104   104     1
   0.0767296    0.0208641  -0.00349111  -0.00612002   -0.0044015    0.0206331    0.0179674   0.00183167   -0.0043422    0.0107873   0.00881531   0.00217638    0.0141184   -0.0115089  -0.00517811  -0.00633851  -0.00881993   -0.0101116  -0.00706913  -0.00632009   -0.0125811  -0.00719552  -0.00431922   0.00710546   0.00103322   -0.0125636  -0.00321598  -0.00688312    0.0258788     0.022375     0.012677   0.00155191  -0.00707919   -0.0122476   -0.0148283   -0.0144022   0.00366735    0.0257745  -0.00195284    0.0219376  -0.00331473     0.011958  -0.00566558  -0.00288259   -0.0110065    0.0188656   -0.0130241  -0.00789683   -0.0124052  -0.00537864    0.0188051  -0.00394292  -0.00838799    0.0146251  -0.00553669  -0.00930625   0.00795128  -0.00582639  -0.00281591  -0.00959669  0.000950701  -0.00288952   0.00866734   0.00134831  -0.00586207  -0.00905441  -0.00840517  -0.00741624   -0.0118053   -0.0108298  -0.00797677  -0.00556517   -0.0032984  -0.00189463    0.0244992   0.00329648  -0.00998184   -0.0108676  -0.00990059  -0.00745824  -0.00526073  -0.00345406     0.038617    0.0168208  -0.00263737   -0.0101895   -0.0104383  -0.00790759  -0.00497877  -0.00315929   -0.0055645    0.0137554  -0.00841246   0.00581465  -0.00145914  -0.00645537  -0.00856968  -0.00820173  -0.00594586  -0.00356244      0.01857    0.0124431   0.00226765  -0.00311361
   0.0208641     0.172428   -0.0052943   0.00277966 -0.000872823    0.0176583     0.119476   0.00261227    0.0108416    0.0826943    0.0107682    0.0572821    0.0190897  4.30016e-05    0.0390466  -0.00922141  -0.00678679    0.0255284  -0.00848123   -0.0110202    0.0158175  -0.00559482   -0.0126747    0.0151157    0.0285027   0.00926065   0.00994296    0.0168255     0.113215    0.0939001    0.0674197    0.0468643    0.0310589    0.0186274   0.00993912   0.00448683    0.0177459    0.0688479   -0.0153977    0.0577721   -0.0166986    0.0422774     -0.01607   -0.0136022   0.00726893    0.0175133   0.00115792    -0.010161  -0.00212062    -0.013606    0.0381987    -0.014912   0.00278853     0.029021   -0.0139384  -0.00443093    0.0179442   -0.0110345   -0.0126366  -0.00438647   0.00710913   -0.0139857    0.0128068   0.00569897  -0.00109217  -0.00791765    -0.013184     0.012115   0.00340348  -0.00482118   -0.0108664   -0.0141222   -0.0149832   -0.0141655    0.0209881    0.0167951   0.00859987   0.00293583  -0.00418021   -0.0092829   -0.0117606   -0.0123323    0.0192669    0.0165539    0.0106074   0.00296887  -0.00418964  -0.00951004    -0.012755   -0.0145113   -0.0139785    0.0171708   -0.0101743    0.0150079   0.00999052   0.00290692  -0.00447485   -0.0105248   -0.0141132   -0.0150225    0.0178467    0.0158809    0.0100866   -0.0148735
 -0.00349111   -0.0052943    0.0550737   0.00392961   0.00355935 -0.000281781  -0.00188682     0.015005   0.00372317   0.00298522  -0.00416323   0.00612128    -0.011513   0.00838175   0.00424589  -0.00919264   0.00702055  -0.00203731  -0.00943868   0.00109136  -0.00856216  -0.00676707  -0.00413273 -0.000515647    0.0117573   -0.0118106   0.00220443   0.00706978  -0.00817695  -0.00356697   0.00412955    0.0100045   0.00726302  -0.00265859   -0.0117971   -0.0153108  -0.00865845   -0.0107199  -0.00589245  -0.00535692  -0.00669252   0.00432405  -0.00499054   -0.0054614  -0.00470578  -0.00266604    -0.012937  0.000568821   -0.0150605  -0.00277557   -0.0115074  -0.00757543   0.00382673  -0.00507413  -0.00638816   0.00323147   0.00801471   0.00916886  -0.00651977   0.00338405    0.0160356  -0.00611298   -0.0106478  -0.00460783   0.00800407    0.0161871   0.00437735  -0.00407746   0.00389624    0.0100509   0.00658841  -0.00157384  -0.00624379   -0.0072716  -0.00565705  -0.00181336   0.00392693   0.00632268   0.00549629    0.0016904  -0.00262029   -0.0053557  -0.00319079 -0.000551435   0.00298995   0.00537257   0.00471537   0.00123985  -0.00286536  -0.00507348  -0.00277395  -0.00220115  0.000529817 -0.000319178   0.00193603   0.00309451    0.0025164  0.000335148  -0.00258438  -0.00470009  -0.00225034    -0.000517   0.00206239  -0.00476256
 -0.00612002   0.00277966   0.00392961    0.0539762   0.00276971  -0.00178605   0.00367018   0.00253542   0.00408258   0.00418554  0.000231056   0.00380554  -0.00144898   0.00426335   0.00205333  -0.00470171    0.0033939 -0.000806658  -0.00251552 -0.000173028  -0.00364494  0.000294499  -0.00465616  -0.00466903   0.00532841  -0.00522584   0.00915261    0.0035525   0.00279562   0.00407842   0.00509134   0.00512563    0.0031094 -0.000752237  -0.00469395  -0.00670208  -0.00287375   0.00193049  -0.00567914   0.00342186  -0.00340043   0.00481391  9.47628e-05  -0.00994518 -0.000338231   -0.0127031  -0.00445254   0.00284321  -0.00664782  -0.00828573  0.000216021  -0.00253168    0.0202593   0.00177381  0.000539256    0.0165372   0.00349277    0.0031834  -0.00770787   0.00839304   0.00394745  -0.00476161  -0.00250098 -0.000684227   0.00187141   0.00377156   0.00314331  -0.00079935   0.00138293   0.00221925   0.00152196 -0.000537788  -0.00343686   -0.0058529  -0.00413744  -0.00122729   0.00223745   0.00822108   0.00717796    0.0013432  -0.00544873   -0.0095155  -0.00862267  -0.00247965    0.0062715    0.0121852    0.0106391   0.00302246  -0.00508049   -0.0130393   -0.0130976    -0.017315  -0.00873547  -0.00813586    0.0121196    0.0309444    0.0189798   -0.0018104   -0.0128247   -0.0154165   -0.0190834   -0.0106652    0.0119801    -0.012726
  -0.0044015 -0.000872823   0.00355935   0.00276971    0.0753348  -0.00149966   0.00438244  -0.00745252   0.00264962     0.012491   -0.0108251    0.0203835   -0.0106348   0.00557082    0.0234028  -0.00674895   0.00691154    0.0198056   0.00506771   0.00410271    0.0127706    0.0306538  0.000798045  -0.00410573    0.0347695   0.00627743 -0.000451222    0.0493163  -0.00395875   0.00237151    0.0143779     0.028387    0.0343295    0.0268183    0.0143087   0.00461688  -0.00928931  -0.00713988    -0.012735  -0.00140957   -0.0102049    0.0124992  -0.00574511 -0.000586897    0.0334476  -0.00629911    0.0127088   0.00291945  0.000245886  0.000528084  -0.00907232  -0.00559906   0.00263301  -0.00611533   0.00798579   0.00386823    0.0038803    0.0163107  -0.00192057   0.00394822    0.0275658   -0.0123119    -0.010674   -0.0117591   -0.0114721  -0.00924596  -0.00555466  -0.00874703   -0.0057749 -0.000818169  0.000768475  -0.00240741  -0.00567593  -0.00766938  -0.00612964  -0.00382663  0.000572188   0.00656447   0.00789814    0.0063293   0.00357683  0.000701145  -0.00569414  -0.00301355   0.00137571    0.0051427   0.00642921    0.0049157   0.00189562  -0.00142894  0.000790554  -0.00615464   0.00275242  -0.00422811  -0.00106037   0.00159065   0.00281653   0.00230066  0.000408249  -0.00126049  -0.00584876  -0.00401408 -0.000559744 -0.000760412
   0.0206331    0.0176583 -0.000281781  -0.00178605  -0.00149966    0.0643325    0.0162425   0.00361881    0.0207779    0.0112446   0.00750419   0.00451066   0.00899253  -0.00412801  -0.00214803  -0.00714925  -0.00825462  -0.00762637  -0.00671046  -0.00826473   -0.0112001  -0.00528314  -0.00630253   0.00825302   0.00479704   -0.0121361   0.00330785  -0.00257107    0.0215609    0.0200444    0.0134547   0.00497499  -0.00290693  -0.00920214   -0.0135034   -0.0143513  -0.00702116    0.0211376   -0.0040374    0.0196818  -0.00497227    0.0130419  -0.00586514  -0.00478467  -0.00815781   0.00768828   -0.0120983  -0.00897254    -0.012824  -0.00701161    0.0148236  -0.00467345   -0.0040834    0.0134596  -0.00456636    -0.008516   0.00931881  -0.00313416  -0.00431167  -0.00573677   0.00375472  -0.00451976   0.00124338  1.22344e-05  -0.00310121  -0.00539617  -0.00628821  -0.00600989  -0.00554297  -0.00737297  -0.00811712  -0.00713205  -0.00501137  -0.00341706   0.00352122    0.0132052   0.00586022 -3.65693e-05   -0.0078456  -0.00904653  -0.00742172  -0.00521186    0.0171094    0.0264624     0.013691  -0.00147104  -0.00848599  -0.00924108  -0.00707959  -0.00487206  -0.00664578   0.00646389  -0.00706556    0.0047488   0.00117103  -0.00384094  -0.00740398  -0.00828122  -0.00705748  -0.00530829     0.012547    0.0104611   0.00426162  -0.00541329
   0.0179674     0.119476  -0.00188682   0.00367018   0.00438244    0.0162425     0.168694   0.00398217    0.0112719     0.116276   0.00828992    0.0791378    0.0125623    0.0026116    0.0532807  -0.00963179  -0.00381624    0.0356316  -0.00790707  -0.00916079    0.0237766  -0.00284853   -0.0123717    0.0134214    0.0379139    0.0156278   0.00959664    0.0234407    0.0949037     0.108429    0.0902234     0.063269    0.0416842    0.0265508    0.0167768    0.0101908    0.0131707    0.0595184   -0.0176227    0.0618926   -0.0178551    0.0529551   -0.0154453    -0.013816    0.0123865    0.0148828   0.00549364  -0.00898699   0.00131894   -0.0130932    0.0304224   -0.0160528   0.00361762     0.028069   -0.0128632  -0.00305959    0.0223043  -0.00795033   -0.0134721  -0.00293997    0.0134161   -0.0161708   0.00759697   0.00325189 -0.000785304  -0.00607672   -0.0113336   0.00974407   0.00384506  -0.00218662  -0.00798633   -0.0128043   -0.0155348   -0.0158756    0.0173579    0.0150028   0.00922457   0.00483433  -0.00180566  -0.00746475   -0.0110264   -0.0125694    0.0164462    0.0149109    0.0106341   0.00441523  -0.00222937  -0.00801509   -0.0121881   -0.0146192   -0.0134101    0.0146897  -0.00900556     0.013331   0.00950296   0.00346538  -0.00334891  -0.00943003   -0.0135317   -0.0149835    0.0153496    0.0141199   0.00967773    -0.014812
  0.00183167   0.00261227     0.015005   0.00253542  -0.00745252   0.00361881   0.00398217    0.0603713   0.00418761   0.00368058    0.0109603   0.00129849    -0.012509   0.00378036   -0.0033372  -0.00718305  0.000725781  -0.00903815  -0.00967559  -0.00291506   -0.0134126   -0.0116961  -0.00498161    0.0031175   0.00428246   -0.0145671   0.00337934  -0.00416905   0.00187387   0.00485094   0.00542987   0.00299623   -0.0031735   -0.0109684   -0.0165356   -0.0173003  -0.00508725  -0.00253226  -0.00249494   0.00407863  -0.00522222    0.0077196  -0.00805858  -0.00552654   -0.0119889   0.00229979   -0.0158509  -0.00199885   -0.0152399  -0.00427115   -0.0103163  -0.00619554   0.00253851   0.00481472   -0.0103013  0.000572059    0.0196336  -0.00665598  -0.00524772  0.000695139   0.00734208  -0.00279294   -0.0111757   0.00401655    0.0191353   0.00797224  -0.00528656   0.00161226   0.00635574   0.00458378  -0.00103103  -0.00507503  -0.00565487  -0.00455901 -0.000377557   0.00279587   0.00442335   0.00325733  0.000900523  -0.00202138  -0.00427288  -0.00520143   0.00216218   0.00332484   0.00380628   0.00309468   0.00100299   -0.0018714  -0.00436277  -0.00545057  -0.00436495   0.00254288  -0.00194651   0.00317949   0.00324524   0.00225334  0.000319149  -0.00207729  -0.00422846  -0.00539219   0.00263364   0.00316852    0.0032226  -0.00548849
  -0.0043422    0.0108416   0.00372317   0.00408258   0.00264962    0.0207779    0.0112719   0.00418761    0.0703847   0.00972699   0.00352087   0.00646797   0.00194956    0.0113406   0.00183318  -0.00702532  -0.00301143  -0.00340069  -0.00497932  -0.00848493  -0.00778811  -0.00167084  -0.00813707   0.00236862   0.00837558  -0.00978776   0.00678632   0.00325676    0.0126493     0.013498     0.011788   0.00814423   0.00266355  -0.00394582   -0.0097451   -0.0121114   -0.0117545    0.0117331  -0.00647557    0.0129003  -0.00644369    0.0115292  -0.00489664  -0.00718975  -0.00313888   -0.0041267  -0.00894149   -0.0078723    -0.011361  -0.00790195    0.0072243  -0.00472118   0.00256403   0.00857975  -0.00216408  -0.00441749   0.00848635   0.00130437  -0.00636199   0.00105241   0.00637655  -0.00599636  -0.00480125  -0.00230417 -0.000330249  0.000167537   -0.0019562  -0.00551826   0.00100276  -0.00115372    -0.006089  -0.00774748  -0.00679136  -0.00552772  -0.00986718   0.00601772    0.0218623     0.025346   0.00132044  -0.00786872  -0.00903988   -0.0074211  -0.00272447    0.0135172      0.02758    0.0156407 -0.000331002   -0.0077351  -0.00858821  -0.00681754  -0.00656549  -0.00231595  -0.00335514  0.000201303   0.00177258 -0.000605119  -0.00420832  -0.00636831  -0.00713387   -0.0069435   0.00309742   0.00469805   0.00480519  -0.00751429
   0.0107873    0.0826943   0.00298522   0.00418554     0.012491    0.0112446     0.116276   0.00368058   0.00972699     0.163763   0.00177751      0.10988    0.0018883   0.00564344    0.0732026  -0.00805395   0.00118401    0.0499153  -0.00484666  -0.00463782    0.0352951   0.00292194  -0.00944962   0.00836126    0.0458397    0.0250874     0.007176    0.0314821    0.0687791    0.0910973     0.102464    0.0820827    0.0556618    0.0378665    0.0271062    0.0191384    0.0042463    0.0439843   -0.0179508     0.053663   -0.0164491    0.0557468   -0.0116705    -0.011381    0.0202396   0.00832132    0.0129451  -0.00556386   0.00765208    -0.009816    0.0175465   -0.0147669   0.00404817    0.0204898  -0.00853325 -0.000529463    0.0227671  -0.00158948   -0.0120256 -0.000335479    0.0201659   -0.0166241  -0.00134385  -0.00224111   -0.0015268  -0.00291482  -0.00661632   0.00385891   0.00297567   0.00155612  -0.00246243  -0.00850752   -0.0134579   -0.0154827   0.00923797    0.0095148   0.00811835   0.00663846   0.00203201  -0.00327529  -0.00768102    -0.010354   0.00947081   0.00974448     0.008617   0.00563106    0.0010468  -0.00424504  -0.00893364   -0.0119352   -0.0099838   0.00832795  -0.00559959   0.00829528   0.00688652   0.00352281  -0.00113658  -0.00606099   -0.0100907   -0.0120287   0.00887033    0.0088693   0.00717928   -0.0118286
  0.00881531    0.0107682  -0.00416323  0.000231056   -0.0108251   0.00750419   0.00828992    0.0109603   0.00352087   0.00177751    0.0487427  -0.00568991   0.00486743  -0.00269492   -0.0116113  -0.00518434  -0.00520404   -0.0151876  -0.00755579  -0.00536507   -0.0164551   -0.0105895  -0.00429447   0.00600271  -0.00855515   -0.0153405   0.00350796   -0.0142171    0.0130247    0.0107139   0.00187923  -0.00763556   -0.0142358   -0.0176257    -0.018667   -0.0168734   0.00425329   0.00956375  0.000349699   0.00966951  -0.00175933   0.00104861  -0.00513137  -0.00415685   -0.0159661   0.00714862   -0.0158139  -0.00408318   -0.0135677  -0.00458804   0.00193933  -0.00259322  0.000340463    0.0113014  -0.00640141  -0.00241806   0.00411191   -0.0080142  -0.00298243  -0.00242029  -0.00637199 -0.000313458  0.000269833    0.0102722   0.00415646  -0.00448199  -0.00692351   0.00553835  0.000673522  -0.00469584  -0.00661889  -0.00540143  -0.00312949  -0.00133261   0.00800646   0.00708817   0.00218145  -0.00072704  -0.00363923  -0.00485326  -0.00470539  -0.00388771   0.00811132   0.00684208   0.00367962  -0.00010079  -0.00298925     -0.00439     -0.00462  -0.00433589  -0.00476527   0.00689464  -0.00402278   0.00581901   0.00350229  0.000549953  -0.00218876  -0.00404659  -0.00473423  -0.00458054     0.007244   0.00621355   0.00345717  -0.00465057
  0.00217638    0.0572821   0.00612128   0.00380554    0.0203835   0.00451066    0.0791378   0.00129849   0.00646797      0.10988  -0.00568991     0.156544  -0.00816407   0.00722164     0.105205  -0.00365401   0.00561116    0.0728617   0.00111512  0.000634034    0.0526582    0.0107629  -0.00455479   0.00177603      0.04788    0.0384126   0.00336231    0.0411517    0.0481063    0.0646831    0.0829171    0.0927972    0.0761518    0.0561559    0.0424392    0.0314332  -0.00519664    0.0293845   -0.0159374    0.0388537   -0.0131818    0.0465695   -0.0069376  -0.00653651     0.032064  0.000360114    0.0240013  -0.00114864      0.01678  -0.00468984   0.00518818   -0.0112524   0.00360624    0.0100914  -0.00294334   0.00198876    0.0183033   0.00449255  -0.00797793   0.00221269    0.0234809   -0.0145441   -0.0100421  -0.00834696  -0.00350037 -0.000768411   -0.0020299  -0.00312257  0.000654598   0.00392954   0.00251738  -0.00340646  -0.00934331   -0.0124575  -2.6905e-05   0.00244892   0.00528612   0.00718016   0.00550307    0.0017069  -0.00248979  -0.00570615   0.00107902   0.00296291   0.00505086   0.00575218   0.00410425  0.000418604  -0.00379437  -0.00694056   -0.0046538   0.00050769  -0.00120317   0.00170801   0.00290336   0.00278969   0.00115293  -0.00165349   -0.0048028  -0.00679999  0.000891654   0.00203847   0.00330349  -0.00653783
   0.0141184    0.0190897    -0.011513  -0.00144898   -0.0106348   0.00899253    0.0125623    -0.012509   0.00194956    0.0018883   0.00486743  -0.00816407    0.0602369  -0.00716949   -0.0143832  -0.00393456  -0.00836986   -0.0166003  -0.00573181  -0.00636209   -0.0162207  -0.00851189  -0.00369833   0.00783861   -0.0149367   -0.0141288   0.00332448   -0.0177526    0.0243637    0.0151925  0.000127825   -0.0123731   -0.0183644    -0.019103   -0.0177821   -0.0149536    0.0158518    0.0243409    0.0014043    0.0115509  6.12372e-05  -0.00479381   -0.0028527  -0.00326466   -0.0161586    0.0108471   -0.0141465  -0.00534605   -0.0114586  -0.00474003    0.0240986 -0.000569659  -0.00125996   0.00250053  -0.00323956  -0.00435193   -0.0106288   -0.0066429  -0.00171571  -0.00458767   -0.0126339  0.000591936    0.0210198  0.000297072   -0.0112645   -0.0109237  -0.00659213   0.00469233  -0.00639505   -0.0107622  -0.00924013  -0.00509974  -0.00162989  0.000238564    0.0155897   0.00829025  -0.00111834  -0.00361811  -0.00622093  -0.00622628  -0.00474862   -0.0030562    0.0125515   0.00871985   0.00298187  -0.00244131  -0.00545908  -0.00577131  -0.00463321   -0.0036264  -0.00498654    0.0101711  -0.00541664   0.00760272   0.00353916 -0.000694253  -0.00387871  -0.00532714  -0.00504955  -0.00405019    0.0105569   0.00824471   0.00349439  -0.00404104
  -0.0115089  4.30016e-05   0.00838175   0.00426335   0.00557082  -0.00412801    0.0026116   0.00378036    0.0113406   0.00564344  -0.00269492   0.00722164  -0.00716949    0.0643425   0.00557173  -0.00750651    0.0182657  0.000955413  -0.00378456   -0.0018499  -0.00421746   0.00132273  -0.00807892 -0.000949195    0.0102486  -0.00736585   0.00143151   0.00855161  -0.00122799   0.00224387   0.00694482    0.0100283   0.00812445   0.00146549  -0.00589668  -0.00990283   -0.0124715  -0.00271764  -0.00965417   0.00111962  -0.00714668   0.00642803 -0.000335124  -0.00717676   0.00159588  -0.00332883  -0.00604288  -0.00232988   -0.0102071  -0.00441231  -0.00406474  -0.00488823   0.00252383 -0.000173671  0.000896873  0.000797669   0.00448337   0.00693902  -0.00891569   0.00326395   0.00683874  -0.00814442   -0.0105781  -0.00472475   0.00527157    0.0128697   0.00935276  -0.00432984    0.0118452    0.0228258    0.0108283   -0.0017059  -0.00723971    -0.008694   -0.0130894  -0.00350263    0.0201631    0.0222538    0.0100021  -0.00295826  -0.00820285  -0.00882093  -0.00696234  -0.00278008    0.0035127   0.00746695   0.00357824  -0.00311308   -0.0064911  -0.00534463  -0.00364013  -0.00167032  -0.00012976  0.000175546   0.00171547   0.00200108  0.000824929  -0.00123865  -0.00333117  -0.00471391  -0.00176949  6.43103e-05   0.00257021   -0.0054382
 -0.00517811    0.0390466   0.00424589   0.00205333    0.0234028  -0.00214803    0.0532807   -0.0033372   0.00183318    0.0732026   -0.0116113     0.105205   -0.0143832   0.00557173      0.15624   0.00467895   0.00704624     0.109332   0.00998042    0.0048786     0.078424    0.0182698   0.00174878  -0.00469166    0.0410214    0.0566066  -0.00123203    0.0476068    0.0322536    0.0431742    0.0564982     0.076093     0.092453    0.0823248    0.0638653    0.0472552   -0.0119817    0.0174978    -0.010603    0.0244878  -0.00844495    0.0321913  -0.00348669  0.000527428    0.0461816  -0.00674585    0.0382502   0.00312365    0.0285797   0.00147106  -0.00337589  -0.00558929   0.00186309  0.000997758   0.00143218   0.00343397      0.01055   0.00610831 -0.000924842   0.00360754    0.0202139  -0.00858881    -0.015647   -0.0133617  -0.00723234  -0.00224765 -0.000843625  -0.00921979  -0.00346455    0.0024311   0.00382395   0.00042945  -0.00360581  -0.00601008  -0.00739408    -0.004216  0.000746384   0.00545349   0.00695981   0.00603718   0.00384518   0.00138997  -0.00622026  -0.00365248  0.000441419    0.0040318   0.00556385   0.00472297   0.00250689 -4.11673e-05   0.00173692  -0.00662666   0.00306605  -0.00483656  -0.00178174  0.000990598   0.00260172   0.00268038   0.00143422  0.000151941  -0.00635802  -0.00465975  -0.00131784  0.000532386
 -0.00633851  -0.00922141  -0.00919264  -0.00470171  -0.00674895  -0.00714925  -0.00963179  -0.00718305  -0.00702532  -0.00805395  -0.00518434  -0.00365401  -0.00393456  -0.00750651   0.00467895    0.0832219  -0.00451992    0.0167048    0.0275898    0.0020983     0.029191   0.00225341    0.0105931  -0.00776676  -0.00964526    0.0367634  -0.00709999    -0.002533   -0.0108142    -0.011934   -0.0110553  -0.00735143   0.00182897    0.0179143    0.0373985    0.0494092  -0.00449236  -0.00979628 -0.000346108   -0.0112537   -0.0108315   -0.0113641   -0.0141807    0.0146408    0.0138574  -0.00726228    0.0407966    0.0047712    0.0626541   0.00910506  -0.00609378  0.000842845  -0.00465517  -0.00745912   -0.0106198 -0.000369148  -0.00891984   -0.0114582    0.0157708 -0.000509957  -0.00894936    0.0212948  -0.00372559  -0.00508345  -0.00727139  -0.00972745   -0.0126828  -0.00593762  -0.00801122    -0.010145   -0.0102688  -0.00664757  0.000875766   0.00787271  -0.00552487  -0.00671948  -0.00770597  -0.00498879 -0.000545987     0.006115    0.0132656    0.0172156  -0.00680905  -0.00740051  -0.00696664  -0.00484118 -0.000304397   0.00586923     0.011402    0.0118866   0.00973616  -0.00762877   0.00483823  -0.00809914  -0.00723619  -0.00450667 -0.000244778   0.00456463   0.00861702     0.011132  -0.00750406  -0.00792217   -0.0070413    0.0120271
 -0.00881993  -0.00678679   0.00702055    0.0033939   0.00691154  -0.00825462  -0.00381624  0.000725781  -0.00301143   0.00118401  -0.00520404   0.00561116  -0.00836986    0.0182657   0.00704624  -0.00451992    0.0646169   0.00522674 -0.000348118    0.0207455   0.00197432   0.00448442  -0.00285071  -0.00415125   0.00860603 -0.000730164  -0.00216375    0.0101846  -0.00928444  -0.00548707   0.00169489   0.00818591    0.0098725   0.00651629   0.00152567  -0.00212617  -0.00893831  -0.00975319   -0.0106087    -0.005789  -0.00433329    0.0017265   0.00577604  -0.00729332   0.00613936  -0.00503105  0.000537801   0.00127439  -0.00352397  -0.00130447  -0.00744613   -0.0025614  0.000866907  -0.00388363   0.00407083   0.00250462   0.00126955   0.00862786   -0.0128706    0.0042573   0.00560577  -0.00738289  -0.00996725  -0.00752982 -0.000549496   0.00944111    0.0132429  -0.00755015   -0.0019228    0.0108334    0.0231531    0.0124624  -0.00368019   -0.0122796  -0.00905998   -0.0082744  -0.00200921    0.0100287    0.0224608    0.0117256  -0.00374441    -0.011491  -0.00699379  -0.00635581  -0.00303258   0.00365386   0.00757273   0.00359757  -0.00284381  -0.00385358  -0.00032917  -0.00437032   0.00236867  -0.00306077  -0.00105697  0.000896178   0.00193186   0.00147821 -0.000257424  -0.00223771  -0.00517388  -0.00345102  3.84864e-05  -0.00228786
  -0.0101116    0.0255284  -0.00203731 -0.000806658    0.0198056  -0.00762637    0.0356316  -0.00903815  -0.00340069    0.0499153   -0.0151876    0.0728617   -0.0166003  0.000955413     0.109332    0.0167048   0.00522674     0.163146     0.020022      0.00738     0.115646    0.0223987   0.00845704   -0.0100409    0.0309413    0.0820998  -0.00588981    0.0451945    0.0197426    0.0275286    0.0378153    0.0551716    0.0813978     0.101766    0.0903937    0.0680412   -0.0153019   0.00816949  -0.00226431    0.0131808  -0.00279578    0.0200397  -0.00194455   0.00872871    0.0551555   -0.0119127     0.053035   0.00657985    0.0431625    0.0077173   -0.0079331   0.00139288 -0.000912985   -0.0050982   0.00338597   0.00357043   0.00252858   0.00264781   0.00810923     0.003626    0.0120949   0.00105152   -0.0178413   -0.0167357   -0.0120988  -0.00706757  -0.00333542   -0.0135706  -0.00874099  -0.00270866   0.00120992   0.00237444   0.00293995   0.00310723   -0.0117668   -0.0094059  -0.00475149   0.00174013   0.00614344   0.00898265    0.0102858   0.00983476   -0.0112903  -0.00904304  -0.00446446  0.000743143   0.00517672   0.00796479   0.00897094   0.00772236   0.00820537   -0.0119893   0.00654505   -0.0103352  -0.00644818   -0.0016013    0.0029788   0.00626806   0.00766685   0.00777867   -0.0117617   -0.0101893  -0.00597262   0.00830496
 -0.00706913  -0.00848123  -0.00943868  -0.00251552   0.00506771  -0.00671046  -0.00790707  -0.00967559  -0.00497932  -0.00484666  -0.00755579   0.00111512  -0.00573181  -0.00378456   0.00998042    0.0275898 -0.000348118     0.020022    0.0721072   0.00429821    0.0271785    0.0283678   0.00915969   -0.0076864  -0.00316071    0.0279055  -0.00578546    0.0101643   -0.0105807   -0.0106228  -0.00762826 -0.000837412    0.0109678    0.0263607    0.0376318    0.0361142  -0.00652692   -0.0104002   -0.0102548   -0.0111595  -0.00884019  -0.00921907  -0.00783913    0.0108431    0.0320443  -0.00810954    0.0501212   0.00500455    0.0398185   0.00736529  -0.00751578    0.0117013  -0.00262409  -0.00893945    0.0054716   0.00130718  -0.00944099  -0.00464394    0.0103757   0.00124269  -0.00585048   0.00140868  -0.00557932  -0.00726588  -0.00944951    -0.010601  -0.00972708  -0.00750509  -0.00800876  -0.00762326  -0.00615639  -0.00357626 -0.000261213  0.000638363  -0.00686189  -0.00701524  -0.00604753  -0.00170483   0.00267856   0.00765301    0.0120285     0.013133  -0.00772388  -0.00723629  -0.00522827  -0.00197986   0.00229222   0.00669472   0.00974631   0.00848463   0.00788693  -0.00830956    0.0049215  -0.00792507  -0.00602596  -0.00283132   0.00101745   0.00457238   0.00691132   0.00802584  -0.00820304  -0.00779554  -0.00569899   0.00892988
 -0.00632009   -0.0110202   0.00109136 -0.000173028   0.00410271  -0.00826473  -0.00916079  -0.00291506  -0.00848493  -0.00463782  -0.00536507  0.000634034  -0.00636209   -0.0018499    0.0048786    0.0020983    0.0207455      0.00738   0.00429821     0.064942   0.00823136   0.00549695    0.0137198  -0.00555598    0.0017606   0.00757806  -0.00517503   0.00626677   -0.0135976   -0.0114191  -0.00534629   0.00145352   0.00639989   0.00886767   0.00953748   0.00839222  -0.00544809   -0.0127314  -0.00657268   -0.0106185   0.00147965  -0.00472723   0.00767315  -0.00364726   0.00808485  -0.00502546   0.00825052   0.00347147   0.00668411    0.0034355  -0.00774874   0.00175267  -0.00275168  -0.00610377   0.00454206  0.000876938  -0.00320351   0.00434052   -0.0119882   0.00227987  0.000725889  -0.00212275  -0.00665172  -0.00673465  -0.00461643  0.000725706   0.00670895  -0.00685012  -0.00717982  -0.00205514    0.0121006    0.0224979   0.00561564   -0.0116018  -0.00581519  -0.00791984  -0.00863384  -0.00283981    0.0118097    0.0226799   0.00665749   -0.0100381  -0.00575776  -0.00701606  -0.00687463  -0.00296378   0.00366405   0.00716842   0.00334139   0.00082716   0.00404147  -0.00506417   0.00365844  -0.00495893  -0.00396714  -0.00184287  0.000942041   0.00327298    0.0040009   0.00291209  -0.00583393  -0.00525539  -0.00306046   0.00336604
  -0.0125811    0.0158175  -0.00856216  -0.00364494    0.0127706   -0.0112001    0.0237766   -0.0134126  -0.00778811    0.0352951   -0.0164551    0.0526582   -0.0162207  -0.00421746     0.078424     0.029191   0.00197432     0.115646    0.0271785   0.00823136     0.168169    0.0215658    0.0137273   -0.0134718    0.0225733     0.118952  -0.00948396    0.0369772       0.0105    0.0168177    0.0261169    0.0408507    0.0623451    0.0894791     0.107846    0.0942523   -0.0159197   0.00158689    0.0063158   0.00543903   0.00221196    0.0118853  -0.00165156    0.0156429    0.0521821   -0.0147362      0.06121    0.0087296    0.0586329    0.0125426  -0.00962635   0.00734093  -0.00363928  -0.00824314   0.00320926    0.0028998  -0.00337591  -0.00255546    0.0161579   0.00282934   0.00378626    0.0112599   -0.0176377    -0.018172    -0.015938   -0.0119689  -0.00682528   -0.0157938   -0.0131577  -0.00838802  -0.00278058   0.00289889   0.00847201     0.011815   -0.0134867   -0.0125469  -0.00945025   -0.0022962   0.00412059    0.0103105    0.0151343    0.0170041   -0.0139155   -0.0124833  -0.00841629  -0.00271884   0.00374991   0.00974882    0.0139434    0.0141902    0.0131947   -0.0150489   0.00873827   -0.0139147  -0.00999315  -0.00403707   0.00264568   0.00857965    0.0124464    0.0140381    -0.014823   -0.0137382  -0.00955256    0.0146685
 -0.00719552  -0.00559482  -0.00676707  0.000294499    0.0306538  -0.00528314  -0.00284853   -0.0116961  -0.00167084   0.00292194   -0.0105895    0.0107629  -0.00851189   0.00132273    0.0182698   0.00225341   0.00448442    0.0223987    0.0283678   0.00549695    0.0215658    0.0779753   0.00563708  -0.00698249    0.0122684    0.0169962   -0.0036362    0.0330188  -0.00843857  -0.00581605   0.00147049    0.0129795    0.0254172    0.0321614    0.0287367    0.0193322  -0.00905072  -0.00992981   -0.0138838  -0.00845071  -0.00811412  -0.00175307  -0.00228149    0.0054413    0.0473955   -0.0085754    0.0344731   0.00475533    0.0158221   0.00463995    -0.009032   0.00496342  0.000134974  -0.00955296    0.0204638   0.00320065  -0.00697146   0.00844147   0.00393597   0.00321115    0.0040592   -0.0107648  -0.00852229   -0.0104568   -0.0120864   -0.0110263  -0.00562584   -0.0093358  -0.00770007  -0.00399465  -0.00111495 -0.000984183  -0.00221372  -0.00455265  -0.00795386  -0.00668556  -0.00328712   0.00271249   0.00615609   0.00800356   0.00849556   0.00705098  -0.00816898  -0.00628556  -0.00242759    0.0018323   0.00512401   0.00668205   0.00649328   0.00397381   0.00503114  -0.00856916   0.00458778  -0.00714002  -0.00407536 -0.000555687   0.00245534   0.00420294   0.00438527   0.00391856  -0.00841387  -0.00702771    -0.003635   0.00461922
 -0.00431922   -0.0126747  -0.00413273  -0.00465616  0.000798045  -0.00630253   -0.0123717  -0.00498161  -0.00813707  -0.00944962  -0.00429447  -0.00455479  -0.00369833  -0.00807892   0.00174878    0.0105931  -0.00285071   0.00845704   0.00915969    0.0137198    0.0137273   0.00563708    0.0522171  -0.00552139  -0.00541826    0.0156292  -0.00634131   0.00113364    -0.014733   -0.0146563   -0.0112117  -0.00575738   0.00155788   0.00991162    0.0168053    0.0189257  -0.00276837   -0.0128656   0.00289591   -0.0129204   0.00516227  -0.00996485   0.00115918   0.00539394   0.00896196  -0.00425986    0.0156516   0.00320666    0.0176282   0.00788095  -0.00672345   0.00584748   -0.0053535  -0.00693306   0.00249606  -0.00199988  -0.00646016  -0.00142936   0.00664734  -0.00128062  -0.00362674   0.00629314  -0.00312635  -0.00435241  -0.00577065  -0.00610594  -0.00379114  -0.00454649  -0.00689449  -0.00744397  -0.00380929     0.005689    0.0117265  0.000352425  -0.00355725  -0.00559553  -0.00786794  -0.00806243  -0.00361754   0.00686855    0.0138871   0.00265926  -0.00417086  -0.00583913  -0.00738858  -0.00716737  -0.00376595   0.00252991   0.00744029   0.00854234   0.00799405  -0.00464309   0.00365751  -0.00564244  -0.00589963  -0.00430206 -0.000776925   0.00398023    0.0082618   0.00976232   -0.0048371  -0.00569323  -0.00582012   0.00971818
  0.00710546    0.0151157 -0.000515647  -0.00466903  -0.00410573   0.00825302    0.0134214    0.0031175   0.00236862   0.00836126   0.00600271   0.00177603   0.00783861 -0.000949195  -0.00469166  -0.00776676  -0.00415125   -0.0100409   -0.0076864  -0.00555598   -0.0134718  -0.00698249  -0.00552139    0.0509457  0.000942492   -0.0141289    0.0119428  -0.00562797    0.0182109    0.0162888   0.00968879   0.00163771  -0.00580881   -0.0118791   -0.0159948   -0.0164835   0.00897244     0.016698  -0.00361374    0.0147017  -0.00382296   0.00831552  -0.00373871   -0.0034947   -0.0107007    0.0075377   -0.0142393  -0.00923408    -0.014533  -0.00594161   0.00995175  -0.00442728  -0.00485636   0.00803929  -0.00455542   -0.0100342     0.004877  -0.00338818  -0.00466333  -0.00855669  0.000283296  -0.00432536   0.00876045   0.00713627   0.00356281 -0.000359826  -0.00294646    0.0076634   0.00436758  0.000713809  -0.00215317  -0.00375104   -0.0037674  -0.00340285   0.00974141   0.00887817    0.0039908  -0.00402543  -0.00732552  -0.00775379  -0.00687046  -0.00522425   0.00207419    0.0116059   0.00483642  -0.00522401  -0.00923414  -0.00871087  -0.00589278  -0.00311245  -0.00553998   0.00554727  -0.00812496    0.0147865   0.00634903  -0.00519647  -0.00988096  -0.00925989  -0.00624141  -0.00338166    0.0108014    0.0113916   0.00355278  -0.00308783
  0.00103322    0.0285027    0.0117573   0.00532841    0.0347695   0.00479704    0.0379139   0.00428246   0.00837558    0.0458397  -0.00855515      0.04788   -0.0149367    0.0102486    0.0410214  -0.00964526   0.00860603    0.0309413  -0.00316071    0.0017606    0.0225733    0.0122684  -0.00541826  0.000942492     0.105935    0.0159253    0.0039142    0.0561215    0.0285042    0.0422978    0.0588739    0.0685676    0.0524313    0.0334066    0.0216817    0.0137937  -0.00947453     0.018346   -0.0180218    0.0341994   -0.0151111     0.060794  -0.00893188  -0.00822408    0.0279137   -0.0014429    0.0132376 -0.000524542   0.00516487  -0.00536749  -0.00228863   -0.0135293   0.00509656   0.00987596  -0.00357578   0.00349653    0.0327218   0.00733376  -0.00999724   0.00378334     0.049206   -0.0175315   -0.0160605   -0.0127104  -0.00572767  -0.00245814  -0.00405756  -0.00612861 -0.000361469   0.00492134   0.00359818    -0.003919   -0.0111843   -0.0149044  -0.00222311   0.00170728    0.0065165     0.010275   0.00848059   0.00326604  -0.00272227  -0.00723002 -0.000506001   0.00259692   0.00637093   0.00825048   0.00653809   0.00157778  -0.00432151  -0.00857701  -0.00528331  -0.00120115 -0.000609443  0.000832194   0.00319772   0.00384914   0.00226573  -0.00119913  -0.00543617  -0.00828058 -0.000682587   0.00123889   0.00376463  -0.00796231
  -0.0125636   0.00926065   -0.0118106  -0.00522584   0.00627743   -0.0121361    0.0156278   -0.0145671  -0.00978776    0.0250874   -0.0153405    0.0384126   -0.0141288  -0.00736585    0.0566066    0.0367634 -0.000730164    0.0820998    0.0279055   0.00757806     0.118952    0.0169962    0.0156292   -0.0141289    0.0159253     0.171837    -0.010799     0.027542   0.00454321   0.00973869    0.0180735    0.0302278     0.045985    0.0666983    0.0932952      0.11247   -0.0143942  -0.00208567    0.0114538  0.000899408   0.00448364   0.00665859  -0.00217587    0.0186762    0.0414329   -0.0147845    0.0569807   0.00905857    0.0678152     0.014308  -0.00932568   0.00955478  -0.00513528  -0.00888085   0.00157074   0.00198541  -0.00620818  -0.00620357    0.0200163   0.00184033  -0.00160934    0.0176033   -0.0155539   -0.0170978   -0.0166729   -0.0139866   -0.0088763   -0.0153854   -0.0146332   -0.0114607  -0.00560186   0.00234035     0.010839    0.0165009   -0.0128706   -0.0130413   -0.0114946  -0.00482316   0.00213041   0.00989212    0.0166936    0.0201538   -0.0138816   -0.0132167   -0.0100708  -0.00481819   0.00221833   0.00972501    0.0156955     0.016996    0.0150185   -0.0152339   0.00911673   -0.0146345   -0.0112243  -0.00528645   0.00199829   0.00903754    0.0141805    0.0166819   -0.0150143   -0.0144354   -0.0108557    0.0173259
 -0.00321598   0.00994296   0.00220443   0.00915261 -0.000451222   0.00330785   0.00959664   0.00337934   0.00678632     0.007176   0.00350796   0.00336231   0.00332448   0.00143151  -0.00123203  -0.00709999  -0.00216375  -0.00588981  -0.00578546  -0.00517503  -0.00948396   -0.0036362  -0.00634131    0.0119428    0.0039142    -0.010799    0.0633516 -0.000803683    0.0116505    0.0114396   0.00849209   0.00412206  -0.00118506  -0.00686037   -0.0115036   -0.0129834   0.00234953    0.0103242  -0.00496376    0.0102307  -0.00410513    0.0076394  -0.00224492   -0.0070633  -0.00599328   -0.0129143   -0.0104489  -0.00996867    -0.011925  -0.00926191   0.00561419  -0.00401775    0.0192928   0.00564409  -0.00224383  -0.00325728   0.00500374  8.45258e-05  -0.00613743   0.00254763     0.002748  -0.00514772    0.0029083   0.00334972   0.00298534    0.0018935  -2.0665e-05   0.00332665   0.00292152   0.00109599  -0.00124658  -0.00314504  -0.00402736  -0.00444004   0.00119444   0.00365112   0.00367073   0.00353307  -0.00314296  -0.00774462  -0.00883054  -0.00775644   -0.0112197   0.00462622    0.0208466    0.0100499  -0.00441023  -0.00965934  -0.00899254   -0.0072531  -0.00873881   -0.0111621  -0.00475133   0.00573947    0.0229037    0.0126873  -0.00192408  -0.00817485  -0.00922143  -0.00830992  -0.00573214   0.00259427   0.00947239  -0.00935899
 -0.00688312    0.0168255   0.00706978    0.0035525    0.0493163  -0.00257107    0.0234407  -0.00416905   0.00325676    0.0314821   -0.0142171    0.0411517   -0.0177526   0.00855161    0.0476068    -0.002533    0.0101846    0.0451945    0.0101643   0.00626677    0.0369772    0.0330188   0.00113364  -0.00562797    0.0561215     0.027542 -0.000803683     0.105809    0.0148635    0.0226522    0.0339481    0.0525303    0.0683031    0.0582363    0.0412782    0.0273574   -0.0147603   0.00596597   -0.0162414    0.0138149   -0.0123139    0.0281404  -0.00531116 -0.000907317    0.0605184  -0.00861009    0.0336037   0.00387118    0.0174272   0.00089055  -0.00959068  -0.00788537   0.00329984  -0.00346507    0.0048586   0.00499997    0.0119737    0.0119562  -0.00304972   0.00521062    0.0346427    -0.014927   -0.0181236   -0.0156364  -0.00944687  -0.00430611  -0.00233678   -0.0113606  -0.00416038   0.00350324    0.0049808 -0.000310414  -0.00632445   -0.0100835  -0.00964668  -0.00530722   0.00172915   0.00840123    0.0101222   0.00805952   0.00422322  0.000300618  -0.00811677  -0.00440943   0.00143462   0.00641192   0.00812596   0.00619373   0.00232494  -0.00163188   0.00121544  -0.00835065   0.00373753  -0.00574608  -0.00154012   0.00202617   0.00374396   0.00319205  0.000836523  -0.00132037  -0.00804766  -0.00557966 -0.000934241  -0.00079648
   0.0258788     0.113215  -0.00817695   0.00279562  -0.00395875    0.0215609    0.0949037   0.00187387    0.0126493    0.0687791    0.0130247    0.0481063    0.0243637  -0.00122799    0.0322536   -0.0108142  -0.00928444    0.0197426   -0.0105807   -0.0135976       0.0105  -0.00843857    -0.014733    0.0182109    0.0285042   0.00454321    0.0116505    0.0148635      0.15513     0.101284    0.0662205    0.0438407    0.0275379    0.0144399   0.00524893  1.37615e-05    0.0217794    0.0944419    -0.016253    0.0731308   -0.0183689    0.0469576   -0.0188166   -0.0155958   0.00412461    0.0213826   -0.0025194   -0.0122898  -0.00559804   -0.0159445    0.0513901   -0.0164697   0.00283638    0.0375807   -0.0166996  -0.00576866    0.0204826   -0.0145338   -0.0141128  -0.00573167   0.00554347   -0.0147888    0.0152721   0.00588065  -0.00275505   -0.0108614   -0.0164847    0.0143206   0.00296338   -0.0073524   -0.0141565   -0.0169171   -0.0168537   -0.0152826    0.0260783    0.0204557   0.00966694   0.00266058  -0.00588063   -0.0115615   -0.0139303   -0.0141196    0.0237314    0.0201062    0.0124373    0.0028635  -0.00571829   -0.0116766   -0.0149926   -0.0166871   -0.0163914    0.0208696   -0.0122835    0.0180165    0.0117099   0.00306274  -0.00571487   -0.0126703   -0.0165584   -0.0173441    0.0217456    0.0191473     0.011828   -0.0171833
