tutorials/uncertainty_analysis/uncert_including_dsi/results/log_reality.grd
DSAA
    50    80
   5.0000000000E+00    4.9500000000E+02
   5.0000000000E+00    7.9500000000E+02
  -8.7708419561E-01    1.2576420307E+00
[rows 0 to 22 of 80, columns 0 to 49 of 50]
-4.272951E-01 -4.895542E-01 -6.447636E-01 -6.498286E-01 -3.554884E-01 -1.618546E-01 -2.497641E-01 -2.187999E-01 -2.068100E-01 -1.685945E-01 -6.346189E-02 -6.131853E-02 -2.478827E-01 -4.543525E-01 -4.032621E-01 -3.200644E-01 -4.301094E-01 -3.355661E-01 -1.742137E-01 -2.132285E-01 -2.466382E-01 -4.656238E-01 -4.729314E-01 -1.804432E-01 -2.974678E-01 -2.752995E-01 -2.890147E-01 -5.425217E-01 -8.770842E-01 -5.059984E-01 -4.908900E-01 -2.854740E-01 -5.104291E-01 -4.699674E-01 -6.198066E-01 -6.397411E-01 -4.701900E-01 -5.997100E-01 -5.615751E-01 -5.681012E-01 -4.607095E-01 -3.595561E-01 -4.039988E-01 -5.823955E-01 -5.899309E-01 -6.337194E-01 -3.549440E-01 -6.127578E-02 1.940007E-03 1.164543E-01
-4.661107E-01 -4.148836E-01 -4.484639E-01 -5.023398E-01 -3.742110E-01 -6.383000E-02 -2.921460E-01 -4.125899E-01 -1.392691E-01 -2.212847E-03 -2.091793E-02 3.368466E-02 -1.869088E-01 -9.094677E-03 -2.813342E-01 -4.154543E-01 -4.209583E-01 -4.226771E-01 -2.334601E-01 -2.093149E-01 -3.784373E-01 -3.536983E-01 -3.449555E-01 -9.976830E-02 -2.584353E-01 -1.835417E-01 -4.114943E-01 -5.176482E-01 -6.136476E-01 -4.741027E-01 -2.907411E-01 -3.255579E-01 -2.922698E-01 -3.546045E-01 -4.338509E-01 -4.524725E-01 -5.104836E-01 -4.498079E-01 -4.884876E-01 -5.003704E-01 -2.891212E-01 -2.337029E-01 -3.632454E-01 -5.254505E-01 -4.965737E-01 -4.030075E-01 -2.351356E-01 -1.600696E-01 -1.576932E-02 2.026643E-01
-2.454684E-01 -3.064778E-01 -3.256584E-01 -3.515695E-01 -4.560019E-01 -2.588032E-01 -3.164551E-01 -4.197750E-01 -6.398970E-02 -6.903401E-02 -5.171543E-02 -1.420015E-01 -9.999089E-02 -3.929824E-02 -1.667412E-01 -2.891652E-01 -4.205789E-01 -3.532913E-01 -2.157849E-01 -2.079686E-01 -2.612810E-01 -1.747340E-01 -7.728224E-02 -2.447541E-01 -2.887891E-01 -2.179438E-01 -1.621493E-01 -3.739658E-01 -4.888343E-01 -3.583081E-01 -2.508970E-01 -2.309238E-01 -3.053158E-01 -4.304728E-01 -4.326712E-01 -3.513190E-01 -4.572718E-01 -4.019263E-01 -4.896348E-01 -4.583867E-01 -8.982991E-02 -2.129548E-01 -2.604714E-01 -6.398430E-01 -5.028247E-01 -3.625266E-01 -3.494353E-01 -1.458546E-01 -1.096788E-01 1.821853E-02
-1.597391E-01 -1.753878E-01 -2.933154E-01 -3.238585E-01 -4.173457E-01 -4.469016E-01 -2.390556E-01 -3.745407E-01 -9.742350E-02 -1.493099E-01 -9.141129E-02 -1.986089E-01 5.278278E-02 -2.988782E-02 -1.197828E-01 -1.551227E-01 -2.043083E-01 -3.252617E-01 -2.469625E-01 -1.093586E-01 -7.320354E-02 8.469635E-02 -3.884373E-04 -2.106636E-01 -3.629727E-01 -2.881382E-01 -2.018796E-01 -3.277865E-01 -4.113389E-01 -4.351957E-01 -3.301853E-01 -2.603085E-01 -1.950600E-01 -3.547143E-01 -2.742068E-01 -2.940966E-01 -1.874577E-01 -3.482294E-01 -3.057557E-01 -3.612807E-01 -6.305578E-01 -4.625281E-01 -4.060991E-01 -5.665033E-01 -4.305246E-01 -4.434589E-01 -2.343701E-01 -2.200467E-01 -2.391569E-01 -1.233408E-01
-2.668524E-01 -9.625940E-02 -1.731561E-01 -3.458427E-01 -4.208201E-01 -2.837880E-01 -2.611227E-01 -1.519033E-01 2.046653E-02 9.473658E-02 9.260242E-02 8.407234E-02 1.484058E-01 -4.221981E-03 -5.881400E-02 2.867736E-03 -8.025506E-03 -1.072927E-01 -1.777567E-02 -8.892034E-02 -1.465748E-01 1.036970E-01 -3.568742E-02 -6.786887E-02 -2.514816E-01 -3.987024E-01 -4.841736E-01 -3.757185E-01 -4.592881E-01 -5.874131E-01 -5.153366E-01 -5.043985E-01 -2.825340E-01 -2.891697E-01 -2.398817E-01 -1.839983E-01 -1.922853E-01 -1.860371E-01 -1.478990E-01 -4.155418E-01 -5.061144E-01 -4.855901E-01 -2.635089E-01 -2.085597E-01 -3.524522E-01 -4.139798E-01 -2.757185E-01 -1.566009E-01 -1.211495E-01 -2.831336E-01
-3.068604E-01 -2.137691E-01 -2.481187E-01 -1.931052E-01 -2.671351E-01 -1.737574E-01 -6.935787E-03 -1.914349E-01 1.881413E-01 3.758532E-01 1.376572E-01 2.951610E-01 -1.895619E-03 -9.787825E-02 -1.898756E-01 -1.603429E-01 -1.036408E-01 9.214669E-02 -1.496501E-02 3.612485E-02 7.162486E-03 -8.791773E-03 -3.712146E-02 -3.716650E-01 -3.585484E-01 -2.024072E-01 -4.628270E-01 -4.481500E-01 -5.014895E-01 -4.624574E-01 -4.822615E-01 -4.216913E-01 -3.645844E-01 -4.578767E-01 -3.882748E-01 -1.603136E-01 -3.142880E-02 -9.270900E-02 -1.435946E-01 -1.797941E-01 -3.922942E-01 -2.585208E-01 -2.809698E-01 -4.050079E-01 -4.731001E-01 -2.889843E-01 -2.100059E-01 -2.595696E-01 -1.473640E-01 -1.025944E-01
-2.569923E-01 -1.664424E-01 -7.516781E-03 -4.861613E-02 -1.544974E-01 -1.376421E-01 -8.248748E-03 1.323526E-01 2.583556E-01 4.267308E-01 2.513503E-01 1.253967E-01 1.654521E-01 -3.569189E-02 2.094810E-02 -1.243892E-01 5.599571E-02 -3.957859E-02 7.643872E-02 2.130271E-01 3.151772E-01 1.510166E-01 9.120566E-03 -1.671642E-01 8.750022E-03 -1.966531E-01 -2.622837E-01 -5.239055E-01 -5.166945E-01 -3.025577E-01 -2.554916E-01 -2.526805E-01 -2.109364E-01 -6.886863E-02 -8.489768E-02 -2.871283E-01 -2.140690E-02 -1.882943E-02 -3.615418E-01 -2.155058E-01 -3.778702E-01 -2.415278E-01 -3.788697E-01 -3.667302E-01 -3.729668E-01 -3.580195E-01 -3.550070E-01 -2.735828E-01 -1.638962E-01 -1.278570E-01
-1.549002E-01 -1.984876E-01 -1.116124E-01 1.707718E-02 8.499465E-02 1.073989E-01 1.159924E-01 3.014124E-01 4.574158E-01 3.876767E-01 2.808316E-01 3.295435E-01 3.201608E-01 1.295052E-01 1.078162E-01 1.049096E-01 7.740063E-02 -3.197419E-02 1.151560E-01 1.469540E-01 1.489431E-01 4.520207E-02 3.481130E-02 -2.624143E-01 -2.560717E-01 -2.954226E-01 -3.949233E-01 -5.548989E-01 -4.581450E-01 -4.297945E-01 -4.232886E-01 -1.947329E-01 -2.065746E-01 -2.793968E-02 -1.419488E-01 -1.252827E-01 -7.460739E-02 -1.054502E-01 -3.254587E-01 -4.319634E-01 -3.572622E-01 -2.609038E-01 -4.132265E-01 -4.383137E-01 -3.563152E-01 -3.383226E-01 -3.331026E-01 -3.427542E-01 -2.614798E-01 -1.556384E-01
-3.549122E-02 -1.109855E-01 -1.068771E-01 1.013501E-01 2.708074E-01 2.094780E-01 3.154140E-01 4.014764E-01 5.769476E-01 5.244183E-01 4.736990E-01 3.928843E-01 4.215368E-01 1.290680E-01 4.475018E-02 2.321104E-01 2.079896E-01 -5.060410E-02 -1.057336E-02 7.558418E-02 1.240417E-01 8.586972E-02 8.839446E-02 -2.412352E-01 -3.704489E-01 -1.824405E-01 -2.538091E-01 -3.690655E-01 -5.184688E-01 -4.250290E-01 -4.971294E-01 -4.216358E-01 -3.743493E-01 -1.319743E-02 6.787617E-02 1.673495E-01 8.454088E-02 -2.949490E-01 -2.971206E-01 -4.190966E-01 -2.235816E-01 -2.434130E-01 -3.836165E-01 -4.269052E-01 -1.645918E-01 -4.533221E-01 -1.298741E-01 -2.764547E-01 -3.962619E-01 -4.103676E-01
-5.610614E-02 -6.747606E-02 -1.869393E-01 8.567974E-02 2.700804E-01 2.003982E-01 3.626615E-01 3.995439E-01 4.340556E-01 5.441317E-01 4.044523E-01 3.146122E-01 1.588951E-01 5.626053E-02 1.915882E-01 1.863310E-01 2.549133E-01 6.779818E-02 -3.319835E-02 1.701329E-01 1.824697E-01 -3.409093E-03 6.471323E-02 -2.639956E-01 -3.513677E-01 -2.789353E-01 -2.223818E-01 -2.377575E-01 -4.347775E-01 -4.184021E-01 -4.646660E-01 -3.603512E-01 -9.676242E-02 -1.403172E-01 -2.012322E-01 -2.262206E-01 -2.052737E-01 -3.241178E-01 -5.305713E-01 -5.163698E-01 -3.557356E-01 -1.132304E-01 -1.385798E-01 -3.715838E-01 -3.460246E-01 -4.219263E-01 -4.718280E-01 -5.188857E-01 -3.696099E-01 -3.943732E-01
-8.237849E-02 -8.990896E-02 -6.356544E-02 1.690622E-01 4.109803E-01 2.695809E-01 4.968695E-02 1.345420E-01 2.455879E-01 3.863668E-01 3.712234E-01 3.865569E-01 1.299662E-01 1.569021E-01 1.300081E-01 2.874252E-01 1.301983E-01 2.001249E-01 6.544302E-02 2.745675E-01 8.359505E-02 2.046709E-01 2.002136E-02 -9.580328E-02 -2.686203E-01 -2.129717E-01 -3.398091E-01 -4.886413E-01 -4.967413E-01 -4.651457E-01 -3.173381E-01 -1.502227E-01 -2.672629E-01 -6.390874E-03 -4.413043E-02 -3.378607E-01 -3.500270E-01 -3.674066E-01 -4.925461E-01 -4.336127E-01 -3.526202E-01 -2.032742E-01 -5.924625E-02 -2.614768E-01 -3.079402E-01 -4.038651E-01 -5.581753E-01 -5.466697E-01 -4.075726E-01 -4.378456E-01
1.360299E-01 7.829475E-02 -5.172893E-02 2.695340E-01 2.667546E-01 2.337077E-01 7.020675E-02 -6.556217E-02 2.254796E-02 3.588246E-01 4.537960E-01 1.837187E-01 1.707530E-01 2.217678E-01 1.905384E-01 1.785894E-01 1.833305E-01 1.036748E-01 8.986201E-02 2.145811E-01 4.562615E-01 2.900671E-01 8.173245E-02 -3.999386E-02 -1.913078E-01 -2.310039E-01 -2.279162E-01 -3.130904E-01 -3.006654E-01 -4.422607E-01 -2.945391E-01 -3.788866E-01 -2.511759E-01 2.594456E-02 -4.909822E-02 -1.589463E-01 -2.049929E-01 -1.781450E-01 -1.707143E-01 -3.622012E-01 -2.270263E-01 -1.158455E-01 -5.424930E-02 -2.678844E-01 -1.541560E-01 -4.397358E-01 -4.531624E-01 -4.563598E-01 -3.080510E-01 -3.521900E-01
4.630026E-01 2.416700E-01 1.009981E-01 1.561119E-01 2.252297E-01 1.032809E-01 -1.062994E-01 1.514592E-02 -5.989343E-03 2.353956E-01 -1.728304E-02 -4.276292E-02 1.226840E-01 2.201604E-01 1.018422E-01 2.908574E-02 -6.372965E-02 -2.780934E-01 -2.957051E-02 2.006986E-02 5.020376E-02 2.441410E-01 1.349783E-01 -5.219505E-02 -2.012352E-01 -2.078942E-01 -3.199770E-01 -2.241561E-01 -1.718269E-01 -7.875875E-02 -3.158077E-01 -1.234990E-01 -2.259486E-02 7.722324E-02 2.111235E-02 -9.399888E-02 -5.230999E-02 -8.488025E-02 -2.442882E-02 -1.230806E-01 -1.009653E-01 -7.931209E-02 -2.954390E-02 -8.536584E-02 -1.270214E-01 -1.805016E-01 -2.898569E-01 -5.424809E-01 -3.640369E-01 -2.912409E-01
2.831598E-01 1.245287E-01 5.522806E-02 9.955704E-02 2.006831E-01 -5.220115E-03 -2.540777E-02 -9.229709E-02 -1.421775E-01 -4.871646E-02 1.155909E-01 1.771259E-01 2.695685E-01 9.593262E-02 1.830440E-01 -8.133888E-02 -1.138766E-01 -1.323834E-01 -2.220101E-02 -1.606252E-01 1.570838E-02 1.014896E-01 1.008779E-01 1.878411E-02 -1.901214E-01 -1.232936E-01 -1.791011E-01 -2.389765E-02 2.877207E-02 -1.029375E-01 7.617532E-02 1.218503E-01 1.163194E-01 1.200383E-01 1.574776E-01 1.960955E-01 6.668701E-02 8.480071E-02 1.078401E-02 -9.867685E-02 -2.044647E-01 -6.093425E-02 -1.135315E-01 -3.516581E-02 1.910881E-01 4.222453E-02 -8.622302E-02 -4.578598E-01 -3.168757E-01 -3.951457E-01
-5.790317E-02 -9.222788E-02 -1.074553E-01 5.594032E-02 1.178809E-01 5.977766E-02 -4.562680E-02 -1.581401E-01 4.319363E-02 1.466185E-01 2.297274E-01 2.789812E-01 1.370131E-01 -8.199595E-02 8.407559E-02 8.871429E-02 -4.029832E-02 -1.567503E-02 7.532392E-02 -2.363488E-01 -6.421304E-02 1.380822E-01 3.702830E-02 7.517820E-02 1.464840E-01 1.575027E-02 -1.090097E-01 -2.820840E-02 -4.607262E-02 -1.200826E-02 -2.901914E-05 2.394594E-01 1.653942E-01 2.130098E-01 9.287252E-02 1.101646E-01 2.432559E-01 2.396838E-01 3.586832E-01 -8.086372E-02 -9.171748E-02 -1.786547E-01 -1.197768E-02 3.037017E-02 2.267844E-01 2.561022E-01 -1.255808E-03 -2.617076E-01 -2.811551E-01 -3.175838E-01
-1.887226E-01 -2.533129E-01 -2.193853E-01 -9.910030E-02 2.690929E-01 1.990088E-01 3.980700E-02 -4.941551E-02 6.326505E-02 -2.531545E-02 4.535116E-02 1.144398E-01 -3.638541E-02 -5.847143E-03 1.022105E-02 -1.674318E-01 4.669882E-02 1.884192E-02 -5.788774E-02 -6.863048E-02 -2.254207E-02 -6.319686E-02 1.289353E-01 1.658593E-01 1.256250E-01 3.756713E-02 2.308610E-02 2.428572E-02 1.794932E-01 5.307959E-02 1.379305E-01 8.847525E-02 2.685346E-02 1.094834E-01 1.188855E-01 1.470162E-01 2.860633E-01 1.103365E-01 8.887924E-02 1.133088E-01 -1.417071E-01 -1.640344E-01 -3.605229E-03 1.497225E-02 1.723577E-01 1.217230E-01 -6.541143E-02 -1.517201E-01 -2.025219E-01 -1.763679E-01
-2.790859E-01 -2.790244E-01 -3.125370E-01 -8.133941E-02 1.658112E-01 1.861104E-01 1.410953E-01 2.887796E-01 1.099516E-01 -6.164291E-02 -1.643867E-01 -2.036541E-01 -4.047843E-02 1.078789E-01 -8.688466E-02 -8.784821E-02 -2.034229E-01 -9.319718E-02 -1.893598E-02 2.600160E-03 2.880827E-02 1.376806E-02 1.955272E-01 5.982954E-02 1.744740E-02 -8.079447E-02 8.152803E-02 2.205270E-01 1.453242E-01 1.582050E-01 1.244869E-01 2.153823E-02 1.563887E-02 4.234670E-02 7.856227E-02 2.616049E-01 2.603450E-01 -2.363851E-01 -4.051833E-02 -2.533954E-02 -3.423745E-02 -6.697378E-02 -2.150098E-01 -9.930057E-02 1.307592E-01 1.844390E-01 -7.310896E-02 -1.549500E-01 -2.547975E-01 -3.392389E-01
-2.988758E-01 -4.163745E-01 -2.898663E-01 -3.717760E-02 2.530294E-01 2.604292E-01 1.941051E-01 1.539267E-01 3.682645E-02 8.065534E-02 -1.566446E-01 -1.103651E-01 1.653530E-01 -1.195270E-02 -1.019466E-01 -2.724468E-02 -8.782260E-02 -1.869317E-01 6.592946E-02 7.713998E-02 2.428824E-01 1.735024E-01 8.334421E-02 -7.343593E-02 9.911717E-03 -8.552148E-02 5.586016E-02 6.325753E-02 3.084837E-01 2.631468E-01 2.005717E-01 -1.924475E-02 -4.780180E-02 -7.770371E-02 9.128242E-02 3.262561E-02 -6.238757E-02 -1.095829E-01 -8.668894E-02 -1.549317E-01 -1.723544E-01 -6.689457E-02 -4.483062E-02 -8.035161E-02 2.746859E-01 1.172929E-01 -2.000584E-01 -2.624671E-01 -3.638771E-01 -4.682685E-01
-3.535798E-01 -3.023288E-01 -8.616380E-02 -1.503976E-01 6.900913E-02 2.082545E-01 2.623698E-02 -4.669092E-02 -1.216842E-01 -5.359889E-04 -6.091597E-02 1.224399E-02 1.333322E-01 -8.820672E-03 -6.865434E-02 -1.606604E-01 -1.610266E-01 -7.352600E-02 7.189673E-02 5.334409E-04 1.428220E-01 1.398344E-01 2.034506E-01 1.600181E-01 1.603587E-01 1.738145E-02 2.088806E-02 2.907187E-01 2.709196E-01 3.281475E-01 3.455917E-01 1.286680E-01 8.369362E-03 -4.606514E-02 -1.668643E-01 -1.061707E-02 -1.137557E-01 -1.126114E-01 -4.851119E-02 -2.424254E-02 -1.093275E-01 -7.729013E-02 -2.110587E-01 -1.814015E-03 9.664171E-02 -6.205099E-02 -9.300428E-02 -2.736583E-01 -5.105257E-01 -3.761473E-01
-2.366302E-01 -1.798690E-01 -1.896021E-01 1.089809E-01 2.956221E-01 2.282948E-01 1.549742E-01 2.724789E-01 -4.861943E-02 -4.572998E-02 -1.501550E-01 -1.025847E-02 -7.137826E-02 -2.895141E-01 -1.912674E-01 -1.828738E-01 -2.063496E-01 -1.698835E-01 5.525099E-02 1.186221E-01 1.779691E-01 1.647153E-01 2.563622E-01 3.688909E-01 3.573775E-01 1.849003E-01 -2.773449E-01 1.195083E-01 2.592220E-01 1.748030E-01 2.002509E-01 3.066036E-01 2.962796E-01 1.118960E-01 -1.079805E-01 -2.224684E-01 -2.139527E-01 -7.758404E-02 1.187329E-01 3.774790E-02 9.823484E-02 8.122919E-02 -4.503519E-02 6.219676E-02 -5.416935E-02 -2.415848E-01 -3.833891E-01 -4.299507E-01 -5.156029E-01 -3.860517E-01
-2.171443E-01 -2.087076E-01 -8.282148E-02 -1.276065E-01 1.326243E-01 3.266304E-01 2.999977E-01 2.476343E-01 2.541348E-01 1.618772E-01 -1.322844E-03 -5.643416E-02 -1.062966E-01 -2.340554E-01 -2.412037E-01 -8.392730E-02 -9.687309E-02 1.725668E-01 9.241322E-02 1.481678E-01 8.250568E-02 8.509353E-02 2.509791E-01 3.798946E-01 4.707839E-01 1.612125E-01 1.131358E-01 1.278622E-01 2.718298E-01 2.269565E-01 2.437720E-01 2.552491E-01 3.474325E-01 1.490629E-01 1.157875E-01 -8.092307E-02 -3.068912E-02 1.057128E-01 -1.093187E-01 -1.391266E-01 -1.232402E-01 -1.073044E-01 5.894847E-02 4.019157E-02 -2.050123E-01 -2.411465E-01 -3.765104E-01 -4.013110E-01 -3.418140E-01 -3.141266E-01
-4.967716E-02 -8.072782E-02 -2.418944E-01 -1.241208E-01 1.135630E-01 2.889223E-01 2.254478E-01 2.851377E-01 7.067904E-02 1.430667E-01 -8.787454E-02 -1.309446E-01 7.931462E-04 -3.682017E-01 -2.977712E-01 -1.071359E-01 1.626178E-02 1.598462E-01 2.297471E-01 3.099352E-01 7.567104E-02 1.956678E-01 3.491940E-01 2.892703E-01 1.177868E-01 2.411568E-01 4.800748E-01 4.238896E-01 5.365121E-01 6.312142E-01 4.085717E-01 3.680821E-01 3.146430E-01 1.060725E-01 8.066148E-02 -2.377651E-03 4.636519E-02 -1.885774E-01 5.411489E-02 1.273060E-01 -1.182806E-01 -8.962227E-02 -2.129994E-01 -9.709147E-02 -2.951792E-01 -1.874065E-01 -1.707994E-01 -2.354155E-01 -1.091216E-01 -3.156979E-01
-2.350033E-01 -1.007552E-01 -1.662411E-01 -2.416217E-01 -6.126288E-02 9.836332E-02 1.206098E-01 2.376304E-02 9.051199E-02 -5.529712E-02 -1.297635E-01 -1.186740E-01 -1.548514E-01 -2.965138E-01 -2.789457E-01 -2.016094E-01 2.159942E-02 3.613238E-01 3.766750E-01 1.792418E-01 1.441702E-01 2.993523E-01 3.640485E-01 1.753367E-01 9.488462E-02 2.699552E-01 5.275459E-01 5.732507E-01 4.860201E-01 5.447608E-01 3.405623E-01 2.853521E-01 2.474467E-01 9.044392E-02 5.063413E-02 -6.911773E-03 3.018548E-02 1.133416E-01 3.026607E-02 5.411338E-02 6.230137E-02 -1.502325E-01 -1.895289E-01 -1.649480E-01 -1.154433E-01 -8.927237E-02 -1.425760E-01 -2.640934E-01 -4.958937E-02 -1.035375E-01
