tutorials/uncertainty_analysis/uncert_including_dsi/results/log_reality.grd
DSAA
    50    80
   5.0000000000E+00    4.9500000000E+02
   5.0000000000E+00    7.9500000000E+02
  -8.7708419561E-01    1.2576420307E+00
[rows 46 to 68 of 80, columns 0 to 49 of 50]
-2.873532E-01 -1.300139E-01 -1.236126E-01 -2.608847E-01 -7.242017E-02 -2.512929E-01 -2.752817E-01 5.637959E-02 -2.254815E-01 -3.525949E-01 -2.141398E-01 -1.334346E-01 2.197609E-02 6.726093E-03 -2.145194E-01 2.117690E-02 8.838985E-02 -1.346532E-02 -6.992676E-02 1.107903E-01 1.938739E-01 1.466653E-01 3.851331E-01 6.672232E-01 7.454470E-01 8.516692E-01 5.594017E-01 6.363466E-01 5.698810E-01 4.192673E-01 4.376870E-01 1.675764E-01 2.988588E-01 2.372315E-01 2.262064E-01 3.816047E-01 3.974286E-01 2.342155E-01 1.010724E-01 2.831133E-02 1.199642E-01 2.487283E-01 8.671675E-02 8.107608E-02 -1.179379E-02 9.759427E-02 2.051210E-01 1.068644E-01 8.784066E-02 -2.324526E-02
-8.119611E-02 -1.078154E-02 -1.615831E-01 -1.459111E-01 -3.846426E-01 -4.319202E-01 -3.265468E-01 -2.142426E-01 -3.166288E-01 -5.187158E-01 -3.489416E-01 -2.596107E-01 -3.003750E-02 7.288744E-02 -1.122587E-01 -1.619009E-01 -2.086146E-01 -1.895259E-01 -7.749429E-02 7.685263E-02 9.441100E-03 1.364326E-01 3.807643E-01 5.927641E-01 5.291406E-01 6.149107E-01 5.275082E-01 5.097360E-01 5.472146E-01 2.833999E-01 1.630224E-01 2.599797E-01 2.876457E-01 1.116882E-01 1.091383E-01 2.882697E-02 1.056679E-01 -4.071141E-02 -1.722517E-01 -5.784991E-02 2.958586E-02 1.014064E-01 2.333931E-01 1.534084E-01 4.346090E-02 -1.622689E-02 5.187420E-02 -1.827561E-02 -1.145173E-01 -9.165338E-02
-1.768888E-01 -1.172234E-01 -2.484639E-01 -3.582942E-01 -2.945017E-01 -2.434172E-01 -3.432035E-01 -3.803995E-01 -4.037988E-01 -3.872379E-01 -4.350255E-01 -3.337220E-01 -2.708788E-02 1.895711E-01 -7.738592E-02 -1.446835E-01 -1.541757E-01 -2.142949E-01 -2.147777E-01 -1.371353E-01 6.896098E-02 3.065366E-01 2.338324E-01 3.658003E-01 4.615728E-01 5.124401E-01 4.143224E-01 5.219747E-01 2.995999E-01 1.480456E-01 1.444917E-01 7.760952E-02 1.244331E-01 9.010845E-02 -4.127563E-02 8.524634E-02 2.375141E-01 2.758568E-02 4.666106E-03 3.774498E-03 1.254513E-01 1.047602E-01 1.630802E-01 3.833575E-01 2.037254E-01 2.554694E-01 9.032548E-03 -1.064690E-01 -1.772786E-01 -1.873455E-01
-5.681607E-02 1.184649E-02 -2.467570E-01 -1.745484E-01 -1.920851E-01 -3.128229E-01 -5.257321E-01 -5.391977E-01 -5.355340E-01 -3.510928E-01 -2.135871E-01 -1.449259E-01 -5.848578E-02 -2.257991E-01 -1.151461E-01 -2.026476E-01 3.207816E-02 -1.856856E-01 -1.882675E-01 -8.230158E-02 9.079960E-02 7.612865E-02 3.038690E-01 3.001984E-01 3.651756E-01 4.738941E-01 4.604981E-01 6.261017E-01 3.973489E-01 2.473267E-01 1.949978E-01 -1.511712E-02 2.401063E-01 1.002823E-01 1.072663E-01 4.702044E-02 -1.661885E-02 3.113003E-02 7.471695E-03 1.276256E-02 1.056069E-01 1.609920E-01 3.610289E-02 7.383998E-02 2.039072E-02 9.562537E-02 7.680713E-02 -9.544127E-02 -1.375601E-02 -1.342344E-01
-1.151700E-01 -2.851049E-01 -2.429438E-01 -2.065139E-01 -2.947537E-01 -4.681258E-01 -5.099316E-01 -4.929168E-01 -4.660343E-01 -4.121813E-01 4.001262E-02 1.291557E-01 -7.839040E-02 -2.748108E-01 -2.392906E-01 -1.441367E-01 -9.107492E-02 -1.470317E-01 -8.716239E-02 -3.151106E-02 9.834532E-02 5.435218E-02 4.866279E-02 8.369608E-02 2.378058E-01 2.335385E-01 5.046479E-01 3.991249E-01 4.306121E-01 1.273167E-01 7.495133E-02 1.251529E-01 2.513849E-01 1.068128E-01 1.989525E-01 7.139888E-02 6.460885E-02 1.398530E-01 1.595783E-01 -1.312704E-01 1.799374E-01 5.970994E-02 6.275191E-02 -4.772111E-04 1.135105E-01 1.558181E-01 1.209495E-01 -3.967133E-02 -1.398615E-01 -1.445349E-01
-2.826551E-01 -3.167998E-01 -2.594002E-01 -1.277180E-01 -2.857623E-01 -4.830117E-01 -3.991471E-01 -4.707929E-01 -3.614364E-01 -2.024911E-01 4.600336E-03 2.338418E-02 -1.113473E-01 -2.715653E-01 -2.291779E-01 -1.295414E-01 -2.638060E-01 -3.689019E-01 -1.591415E-01 8.569648E-02 -3.244869E-02 4.591535E-02 5.346376E-02 2.924532E-01 3.732019E-01 4.391650E-01 4.848885E-01 2.300694E-01 -4.132166E-02 1.514995E-01 1.822109E-01 7.651886E-02 2.249138E-01 2.026403E-01 3.019822E-01 1.432613E-01 1.463110E-01 1.772273E-01 -8.186138E-02 -4.835121E-02 1.529729E-02 2.689672E-02 1.678604E-02 2.015105E-01 2.176939E-01 1.686380E-01 -2.102445E-02 -8.557526E-04 6.752539E-04 -9.520479E-02
-2.327962E-01 -2.692153E-01 -1.282169E-01 1.877663E-02 -8.421333E-02 -3.378593E-01 -2.970213E-01 -4.114577E-01 -2.019345E-01 -1.071807E-01 1.847913E-02 -1.016190E-02 -7.422847E-02 -1.846678E-01 -3.603824E-01 -1.770438E-01 -3.271408E-01 -2.040867E-01 -1.016753E-01 -2.525059E-02 -3.624216E-02 -2.192493E-02 6.956230E-02 1.521687E-01 2.160932E-02 2.933477E-01 3.697593E-01 4.221274E-02 -1.503057E-01 1.806634E-01 1.310429E-01 2.271233E-01 2.695874E-01 1.701446E-01 4.205233E-02 2.897060E-01 2.412002E-01 -9.252625E-02 -1.652711E-01 -2.063360E-01 -1.605343E-01 -2.974400E-05 5.484663E-02 -6.399816E-02 1.448696E-02 9.090073E-02 -9.980781E-02 -2.900819E-02 -1.590072E-01 -1.017328E-01
1.101421E-01 7.272181E-02 -7.267947E-02 5.416091E-02 4.412957E-02 -2.457470E-01 -2.280322E-01 -3.501929E-01 -6.240033E-02 -1.131676E-01 8.587329E-02 1.380822E-01 -1.561302E-01 -2.461711E-01 -3.487699E-01 -1.575037E-01 -8.607896E-02 0.000000E+00 -1.006024E-02 -1.908425E-01 -3.006188E-01 -2.217681E-01 -1.439743E-01 -3.197366E-02 -1.078528E-02 1.242877E-01 1.853832E-01 2.248067E-01 5.747818E-02 1.693199E-01 1.731020E-01 3.047027E-01 2.660244E-01 1.190935E-01 4.190601E-02 2.116352E-01 -2.901768E-02 -2.000198E-01 -1.951508E-01 -1.635901E-01 -3.069793E-02 1.720092E-01 2.522548E-01 3.331676E-02 -2.352780E-01 -1.156200E-02 -6.251340E-02 6.783845E-03 -8.594926E-02 -9.424496E-02
2.642061E-01 5.524106E-02 -8.919525E-02 -9.439542E-02 -6.799158E-02 4.488597E-03 -1.262388E-01 -1.101638E-01 3.178565E-02 1.636792E-01 3.379397E-02 -5.099905E-03 4.349589E-02 -7.152476E-02 -2.755611E-01 -2.469596E-01 -1.107347E-01 2.563720E-02 3.121893E-02 -2.531129E-01 -1.513785E-01 -2.779906E-01 -2.193594E-01 1.442727E-02 9.916872E-02 2.435770E-01 3.170502E-01 3.449957E-01 3.758081E-01 3.947236E-01 3.445731E-01 3.066055E-01 2.495447E-01 2.947306E-02 1.639824E-01 1.117587E-01 -1.070669E-01 -1.125182E-01 -4.577139E-02 -2.463380E-01 -4.261647E-02 -3.483612E-03 7.416195E-02 -1.809686E-01 -1.524179E-01 -2.069859E-01 -1.201582E-01 -6.714375E-03 -9.071533E-02 -2.109950E-01
1.646220E-01 3.475036E-02 -1.048028E-01 -3.212964E-02 -5.076313E-02 1.676766E-02 3.265178E-02 1.367104E-01 8.995314E-02 2.179283E-01 1.696095E-01 1.230846E-01 1.600613E-02 -1.394154E-01 -7.798415E-02 -1.293042E-01 2.027175E-02 -3.646063E-02 4.926069E-02 -1.644492E-01 -1.765033E-01 -9.101953E-02 -8.082858E-02 6.754741E-03 2.104238E-03 1.948944E-01 1.854645E-01 2.970184E-01 3.796746E-01 3.873466E-01 2.491113E-01 2.194480E-01 1.328639E-01 -8.216998E-02 -2.088519E-01 -1.363989E-01 -2.604354E-02 -6.281190E-02 -7.277396E-02 4.263378E-02 3.261874E-02 -2.096993E-01 -4.068792E-01 -4.190817E-01 -2.953704E-01 -2.819191E-01 -2.009067E-01 -3.258691E-01 -1.851344E-01 -3.024106E-01
3.797976E-01 3.679399E-01 2.436751E-01 8.011793E-02 4.313584E-02 7.433400E-02 2.648266E-01 6.788285E-02 1.307389E-01 1.194354E-01 1.765835E-01 4.823162E-02 -1.560456E-01 -1.966838E-01 -2.182066E-01 -2.084410E-01 -2.009366E-01 7.438361E-03 4.725226E-02 -6.200966E-02 -5.652187E-02 1.866014E-02 -9.510714E-02 -1.545404E-01 1.273002E-01 4.512929E-02 3.746815E-01 5.007354E-01 5.349821E-01 3.888059E-01 3.080547E-01 3.065093E-01 6.330519E-02 2.671054E-02 -5.787126E-02 -9.824142E-02 -7.015664E-05 5.934032E-02 -8.233526E-03 2.101496E-01 -2.273671E-02 -2.352379E-02 -4.568757E-01 -5.683553E-01 -4.841859E-01 -1.805395E-01 -1.140455E-01 -3.849460E-01 -2.756204E-01 -4.255919E-01
3.752587E-01 3.935159E-01 5.565615E-01 5.060044E-01 3.592390E-01 2.226522E-01 3.227288E-01 9.022031E-02 1.337953E-01 2.595697E-01 2.597811E-01 -1.230892E-01 -4.547061E-01 -3.828880E-01 -4.183151E-01 -3.118138E-01 -1.327652E-01 -1.350122E-01 -1.491583E-01 -4.818594E-02 4.012030E-02 7.490306E-02 -9.973828E-03 -7.631346E-02 5.450464E-02 -1.293803E-01 2.093305E-01 1.814386E-01 3.961913E-01 3.927027E-01 3.477075E-01 2.164826E-01 2.192895E-01 2.175515E-02 -2.892194E-02 1.734976E-02 2.791991E-01 2.514331E-01 2.288670E-01 8.021327E-02 4.835395E-04 -6.374033E-02 -1.386396E-01 -3.504052E-01 -3.254164E-01 -2.175137E-01 -2.272339E-01 -2.290133E-01 -4.856082E-01 -2.935883E-01
3.703946E-01 3.768650E-01 2.456876E-01 5.007049E-01 2.684911E-01 3.339631E-01 4.228555E-01 2.736049E-01 1.869662E-01 4.939364E-02 -1.041851E-01 -3.132363E-01 -4.704490E-01 -5.215214E-01 -4.262418E-01 -2.768601E-01 -2.512982E-01 -1.425763E-01 -1.024536E-01 2.062312E-02 -2.980633E-02 -2.294385E-02 -8.439410E-02 -8.331864E-02 7.058972E-02 1.387295E-01 8.242523E-02 2.048306E-01 3.186976E-01 2.298865E-01 2.657887E-01 3.137146E-01 1.641931E-01 1.779660E-01 5.016931E-02 2.771116E-01 2.267695E-01 2.474700E-01 3.508257E-02 2.461960E-03 -2.178770E-01 -1.307016E-01 -9.477691E-02 -1.895013E-01 -1.312917E-01 -1.434907E-01 -2.615039E-01 -3.586850E-01 -5.520900E-01 -4.325699E-01
4.314752E-01 4.068708E-01 4.442497E-01 5.808246E-01 4.096364E-01 3.859723E-01 4.335265E-01 2.874112E-01 1.505505E-01 6.751198E-02 -2.316962E-01 -3.002305E-01 -5.243595E-01 -4.595576E-01 -4.198844E-01 -2.578252E-01 -3.214965E-01 -1.892459E-01 -1.914969E-01 -1.162432E-01 -2.463429E-01 -1.430200E-01 4.098741E-02 1.184413E-01 2.006473E-01 9.203219E-02 2.187919E-01 1.706782E-01 3.491207E-01 3.538676E-01 1.062099E-01 2.903661E-01 1.193235E-01 -8.923187E-02 -1.146970E-01 6.767814E-02 7.224622E-02 1.596150E-01 8.746339E-04 -9.829614E-02 -2.264751E-01 -8.206105E-02 1.636510E-02 -2.013880E-01 -1.635094E-01 -1.035519E-01 -3.584226E-01 -3.094011E-01 -2.561870E-01 -5.357569E-01
3.754196E-01 2.086915E-01 3.983531E-01 3.531150E-01 5.694108E-01 3.530158E-01 3.547308E-01 3.238137E-01 3.298718E-01 -9.025501E-02 -3.432835E-01 -4.566444E-01 -3.176174E-01 -5.803775E-01 -6.073581E-01 -4.050426E-01 -2.875139E-01 -2.465381E-01 -2.064115E-01 -3.012998E-01 -1.735042E-01 -1.139387E-01 1.587351E-01 7.834585E-02 1.570864E-01 1.132004E-01 2.007156E-01 2.958326E-01 3.272028E-01 3.302406E-01 2.370863E-01 1.951585E-01 4.999821E-03 1.363291E-03 -7.769603E-02 -6.777167E-02 -1.341707E-01 -4.008669E-02 -1.931148E-01 -9.774619E-02 -2.586707E-01 -1.517893E-01 -2.766876E-01 -3.300208E-01 -3.009981E-01 -3.029736E-01 -2.710718E-01 -3.360338E-01 -4.526659E-01 -5.606133E-01
3.419609E-01 1.412459E-01 1.955496E-01 3.318278E-01 3.794741E-01 3.670389E-01 2.073804E-01 2.906615E-01 2.529831E-01 -2.871973E-02 -2.965951E-01 -4.878365E-01 -5.345496E-01 -6.187344E-01 -6.404998E-01 -4.307717E-01 -3.159116E-01 -7.732136E-02 -2.072795E-01 -2.529366E-01 7.258293E-02 2.996379E-02 1.800444E-01 2.486551E-01 2.818770E-01 2.919318E-01 1.457376E-01 1.190928E-01 2.673407E-01 1.337908E-01 4.289158E-02 3.056250E-02 -2.088217E-01 -2.466979E-01 -1.462677E-01 -1.414591E-01 -1.892723E-01 -3.975913E-01 -4.894723E-01 -3.585056E-01 -2.906407E-01 -2.948551E-01 -3.385529E-01 -4.514895E-01 -5.462887E-01 -2.563503E-01 -3.266189E-01 -5.632453E-01 -2.827156E-01 -2.918492E-01
2.456947E-01 -9.657395E-04 -1.558401E-02 1.537740E-01 1.062586E-01 8.248449E-02 7.928725E-02 2.031186E-01 -5.591959E-03 -5.498376E-02 -1.626040E-01 -5.076396E-01 -6.034833E-01 -5.935830E-01 -4.291595E-01 -4.070463E-01 -3.341326E-01 -2.370663E-01 -2.262713E-01 -2.055560E-01 -8.088053E-02 7.273027E-02 7.468920E-02 1.363054E-01 3.709660E-01 1.540513E-01 -6.137193E-02 3.315908E-02 1.180298E-01 -4.023385E-02 1.542011E-01 9.156638E-02 -1.803518E-01 -2.529080E-01 -2.115006E-01 -3.061129E-02 -2.298921E-01 -5.761482E-01 -5.516976E-01 -5.564153E-01 -3.643035E-01 -4.915133E-01 -5.177724E-01 -4.852609E-01 -3.196091E-01 -4.333656E-01 -4.939702E-01 -4.673026E-01 -1.617024E-01 -3.033732E-01
1.741017E-01 1.072157E-01 -7.355461E-02 1.707260E-02 -6.980801E-02 -6.155044E-02 -4.481326E-02 -1.572249E-01 -1.817374E-01 -9.643390E-02 -6.819752E-02 -4.532796E-01 -5.426959E-01 -5.258129E-01 -3.366716E-01 -1.203546E-01 -1.133194E-01 -9.978136E-02 -3.870783E-01 -2.965319E-01 -3.909613E-01 -1.053136E-01 2.500317E-01 1.800011E-01 2.002158E-01 1.270636E-01 9.205254E-02 -5.064790E-02 -2.909313E-02 -7.061280E-02 -3.724410E-02 -1.200721E-01 -1.450189E-01 -6.690354E-02 -2.705227E-01 -2.808887E-01 -3.416264E-01 -4.700934E-01 -5.968642E-01 -4.204298E-01 -4.684438E-01 -4.035122E-01 -5.864203E-01 -4.622710E-01 -3.637470E-01 -3.878543E-01 -4.114870E-01 -4.141839E-01 -3.829785E-01 -4.999860E-01
1.324726E-01 7.552288E-02 -1.533946E-01 -1.049927E-01 -9.504992E-02 -2.464842E-01 -2.953233E-01 -3.377827E-01 -4.521223E-01 -4.208362E-01 -3.132854E-01 -3.260508E-01 -2.769157E-01 -3.732105E-01 -1.878703E-01 -1.088863E-02 -1.740828E-01 -3.200225E-01 -3.050714E-01 -4.097347E-01 -3.310030E-01 -1.665760E-01 2.907214E-01 3.446777E-01 4.709496E-01 2.663594E-01 1.513916E-01 8.398467E-02 1.164766E-01 2.053303E-01 -1.104673E-01 -1.215399E-01 -2.432688E-02 -9.926521E-02 -2.890869E-01 -3.991874E-01 -2.151175E-01 -3.746436E-01 -3.873636E-01 -4.486277E-01 -3.062537E-01 -3.561244E-01 -4.868394E-01 -7.113962E-01 -5.554253E-01 -3.236095E-01 -4.295177E-01 -4.453140E-01 -5.406389E-01 -5.672617E-01
1.679031E-01 1.439393E-01 9.469816E-02 -9.546003E-03 -1.801570E-01 -1.711000E-01 -3.734020E-01 -4.441202E-01 -4.714198E-01 -3.130608E-01 -2.956012E-01 -4.021561E-01 -4.982379E-01 -2.948687E-01 -1.575236E-01 -3.217795E-01 -2.108817E-01 -3.579654E-01 -1.878886E-01 -1.854965E-01 -1.822978E-01 2.291969E-02 1.034941E-01 3.788002E-01 6.162454E-01 2.906635E-01 2.646627E-01 1.754063E-01 1.002261E-01 2.178694E-01 8.039126E-02 -7.317397E-02 6.869075E-02 -1.231938E-02 -2.999030E-01 -4.359664E-01 -4.495928E-01 -3.858694E-01 -3.964382E-01 -4.804244E-01 -2.728701E-01 -2.784040E-01 -4.165981E-01 -5.056440E-01 -4.734538E-01 -3.356771E-01 -4.006806E-01 -5.174109E-01 -6.678523E-01 -5.555194E-01
7.121498E-02 9.851116E-02 1.370688E-01 1.221041E-01 1.518489E-01 -4.963662E-02 -9.310681E-02 -3.891363E-01 -4.952729E-01 -4.888020E-01 -3.371693E-01 -3.567868E-01 -3.972310E-01 -3.676179E-01 -2.832184E-01 -3.834760E-01 -4.465658E-01 -3.747157E-01 -2.134416E-01 -1.399967E-01 1.663573E-01 1.567108E-01 1.362635E-01 3.154348E-01 5.054930E-01 4.463347E-01 3.647864E-01 3.756947E-01 4.314488E-01 4.703627E-01 7.069343E-02 7.742424E-02 6.360652E-02 -2.356108E-01 -5.623737E-01 -5.727211E-01 -3.972512E-01 -5.646295E-01 -3.879375E-01 -4.304379E-01 -2.571842E-01 -1.349579E-01 -4.264195E-01 -5.558582E-01 -5.681254E-01 -4.694480E-01 -5.253258E-01 -6.058971E-01 -6.753610E-01 -6.109057E-01
7.069712E-02 1.078836E-01 1.029257E-01 1.374456E-01 1.351460E-01 3.430994E-02 -6.802616E-02 -2.838078E-01 -3.869769E-01 -2.566819E-01 -3.609310E-01 -2.007989E-01 -1.380762E-01 -2.111316E-01 -2.128241E-01 -2.817775E-01 -4.865051E-01 -1.294376E-01 2.116536E-01 2.710904E-01 2.632473E-01 2.292617E-01 2.724571E-01 3.598994E-01 4.957404E-01 4.804986E-01 5.046149E-01 3.894726E-01 3.196664E-01 5.508525E-01 2.246053E-01 1.901324E-01 2.696202E-02 -1.923361E-01 -3.234396E-01 -4.031028E-01 -4.432319E-01 -4.293785E-01 -3.619685E-01 -4.942655E-01 -2.992767E-01 -3.391556E-01 -5.511922E-01 -6.581381E-01 -7.713538E-01 -4.430218E-01 -5.039604E-01 -4.484451E-01 -6.037855E-01 -4.813147E-01
-6.824023E-02 6.858917E-02 2.449143E-02 2.055911E-01 3.879654E-02 1.868064E-01 1.213491E-01 -1.050808E-01 -4.176324E-01 -1.909310E-01 -1.966534E-01 -1.679912E-01 -4.629128E-02 -9.793212E-02 -1.362693E-01 -2.214188E-01 -3.182899E-01 -5.312700E-02 3.216543E-01 2.766927E-01 3.039870E-01 1.888953E-01 1.587896E-01 4.350660E-01 4.209029E-01 6.449099E-01 4.486586E-01 2.924723E-01 4.302357E-01 3.933446E-01 1.372968E-01 9.100323E-02 3.632461E-02 8.678068E-03 -1.132205E-01 -2.188627E-01 -3.052210E-01 -4.894909E-01 -4.583646E-01 -4.029095E-01 -3.933274E-01 -3.301173E-01 -5.891025E-01 -5.153838E-01 -6.152542E-01 -4.310490E-01 -2.047910E-01 -5.167944E-01 -4.860281E-01 -6.590781E-01
