tutorials/uncertainty_analysis/uncert_including_dsi/results/log_reality.grd
DSAA
    50    80
   5.0000000000E+00    4.9500000000E+02
   5.0000000000E+00    7.9500000000E+02
  -8.7708419561E-01    1.2576420307E+00
[rows 23 to 45 of 80, columns 0 to 49 of 50]
-1.913663E-01 -4.361741E-02 -1.966699E-01 -2.749995E-01 -1.521967E-01 -1.272493E-01 6.345946E-02 1.206789E-01 -9.029354E-02 1.985581E-02 -2.832706E-02 -2.002288E-01 -3.108718E-01 -1.949168E-01 7.448642E-03 -2.029820E-01 -3.890348E-02 3.196067E-01 4.841385E-01 1.700204E-01 3.470738E-01 5.516034E-01 3.030404E-01 1.950726E-01 1.806932E-01 2.989755E-01 5.226629E-01 6.123167E-01 5.930091E-01 4.186704E-01 3.449706E-01 2.723887E-01 1.086587E-01 -2.181007E-01 -9.910056E-02 2.610093E-03 -1.050614E-01 9.126027E-02 -1.668098E-01 1.579219E-01 -9.232309E-02 -1.539292E-01 -3.355260E-01 -3.448760E-01 -2.256903E-01 -1.711829E-01 -1.239226E-01 -1.514755E-01 -1.150178E-01 -2.322848E-01
-2.132535E-01 -1.184353E-01 -8.887139E-02 -1.898934E-01 -3.920602E-01 -3.465693E-01 -3.474009E-02 4.929674E-02 -9.763850E-02 -3.277187E-01 -1.995395E-01 -2.781488E-01 -9.934109E-02 -1.282097E-01 5.916263E-02 1.002492E-01 1.373400E-02 1.358216E-01 2.637856E-01 2.688161E-01 6.341060E-01 7.958401E-01 6.042625E-01 5.644487E-01 2.190698E-01 4.123836E-01 4.034339E-01 5.596465E-01 5.224102E-01 4.886214E-01 3.842250E-01 2.211434E-01 2.901086E-01 9.251817E-02 5.665486E-02 -5.414446E-02 -3.873475E-02 4.954517E-02 -1.279105E-01 2.600713E-02 -2.992382E-01 -3.380478E-01 -4.399312E-01 -3.657634E-01 -3.484734E-01 -6.760371E-01 -3.411633E-01 -1.605626E-01 -2.241349E-01 -2.940196E-03
-2.417809E-01 -5.598992E-02 -4.308842E-02 -1.217890E-01 -3.260792E-01 -3.698839E-01 -3.819240E-01 -1.757947E-01 -2.820788E-01 -4.006203E-01 -4.006050E-01 -4.195691E-01 -3.100800E-01 -7.866582E-02 -9.647644E-02 2.207146E-02 1.090348E-02 9.757554E-02 2.425621E-01 1.995023E-01 5.457377E-01 6.907034E-01 7.188616E-01 5.536634E-01 5.285578E-01 3.382483E-01 3.686864E-01 4.380704E-01 5.615050E-01 2.777270E-01 1.148714E-01 3.271613E-01 3.818382E-01 1.699324E-01 2.419965E-01 2.886030E-02 1.385673E-01 4.577228E-02 -6.037998E-02 -1.056333E-01 -2.721449E-01 -2.324438E-01 -5.770223E-01 -4.336152E-01 -7.000301E-01 -5.708943E-01 -5.174102E-01 -5.303383E-01 -3.607149E-01 -1.859835E-01
9.081686E-02 1.899247E-01 1.128931E-01 -3.458780E-02 -3.724599E-01 -2.688102E-01 -2.319364E-01 -3.578476E-01 -3.410454E-01 -5.619625E-01 -3.873303E-01 -2.532122E-01 -3.623810E-01 -2.640404E-01 -2.356284E-01 -4.574370E-02 2.239544E-01 -9.218970E-04 1.256624E-01 4.514975E-01 6.372394E-01 7.096513E-01 9.356661E-01 8.818935E-01 7.751676E-01 5.705861E-01 5.771845E-01 5.101890E-01 5.923570E-01 3.834423E-01 2.565424E-01 3.266041E-01 2.849520E-01 2.125354E-01 3.397670E-01 7.877898E-02 2.423304E-01 3.139768E-01 -1.283516E-01 -1.047931E-01 -2.262118E-01 -4.242234E-01 -6.489224E-01 -5.680971E-01 -7.017847E-01 -7.059981E-01 -7.115871E-01 -6.494063E-01 -3.845170E-01 -1.119194E-01
1.403180E-02 -1.118730E-01 1.844535E-01 -1.226136E-03 -2.672076E-01 -1.863106E-01 -1.737512E-01 -3.600329E-01 -5.793854E-01 -5.999031E-01 -5.385304E-01 -2.896703E-01 -3.182643E-01 -3.502920E-01 -3.494375E-01 -1.280248E-01 1.114101E-01 5.626667E-02 3.418139E-01 3.860814E-01 7.142119E-01 6.957578E-01 8.555288E-01 7.188099E-01 8.458000E-01 7.536015E-01 6.083249E-01 5.048551E-01 6.435657E-01 4.621723E-01 3.325354E-01 4.316781E-01 1.725848E-01 2.101459E-01 4.119532E-01 2.617840E-01 2.304566E-01 2.015812E-01 -9.128654E-02 -2.138941E-01 -3.401953E-01 -5.274810E-01 -6.419855E-01 -4.787965E-01 -7.432063E-01 -6.237938E-01 -6.872905E-01 -5.589238E-01 -4.230269E-01 -9.863280E-02
-4.524259E-02 1.009644E-01 -1.391188E-01 -1.864323E-01 -2.282304E-01 -1.891423E-01 -7.778758E-02 -3.686103E-01 -3.465846E-01 -3.059505E-01 -4.449430E-01 -3.479262E-01 -3.901081E-01 -3.167192E-01 -3.563534E-01 -1.099691E-01 1.771557E-01 9.419641E-02 4.059258E-01 5.855023E-01 7.669055E-01 9.332719E-01 1.044834E+00 7.988728E-01 8.083080E-01 4.204853E-01 6.097875E-01 5.143993E-01 5.420086E-01 5.185066E-01 2.649596E-01 4.425829E-01 2.398391E-01 3.735378E-01 3.828020E-01 2.684315E-01 1.893140E-01 1.546564E-01 2.948728E-02 -4.897589E-02 -1.078843E-01 -5.624086E-01 -6.682944E-01 -6.332848E-01 -6.301065E-01 -7.300884E-01 -5.061690E-01 -5.415997E-01 -1.321810E-01 -2.944422E-02
-3.288933E-01 -1.909864E-01 -2.510940E-01 -2.077633E-01 5.967260E-03 -1.813235E-03 -5.951580E-02 -2.664538E-01 -3.643455E-01 -4.176004E-01 -5.009793E-01 -4.489180E-01 -3.572004E-01 -4.336673E-01 -4.830776E-01 -1.895768E-01 2.285312E-01 2.050251E-01 4.302988E-01 7.841542E-01 7.642845E-01 1.032222E+00 8.625898E-01 8.809156E-01 6.000677E-01 6.573786E-01 4.330150E-01 3.748204E-01 3.298425E-01 4.253558E-01 3.728674E-01 4.234849E-01 3.801526E-01 3.823344E-01 2.820041E-01 1.929208E-01 3.237136E-01 1.713347E-01 1.320444E-01 -9.474059E-02 -2.174190E-01 -3.586780E-01 -4.094243E-01 -3.547766E-01 -4.461474E-01 -5.800489E-01 -5.013135E-01 -4.961660E-01 -3.268791E-01 -1.328008E-01
-2.351886E-01 -3.211957E-01 -2.445505E-01 -1.171767E-01 -1.730997E-01 -1.822283E-01 -2.270747E-02 -1.666580E-01 -2.112598E-01 -1.347237E-01 -4.376190E-01 -4.606401E-01 -1.794592E-01 -2.859102E-01 -3.289303E-01 -2.611861E-01 1.659547E-01 1.945898E-01 5.695200E-01 7.514411E-01 8.679302E-01 9.796233E-01 1.012050E+00 7.731333E-01 6.491583E-01 5.165988E-01 4.121762E-01 2.115063E-01 2.116043E-01 1.366854E-01 1.484703E-01 1.617036E-01 1.404590E-01 4.992007E-02 1.070729E-01 1.007302E-01 2.792859E-01 1.352564E-01 2.125442E-01 -1.225400E-01 -2.125649E-01 -3.418222E-01 -3.096324E-01 -4.831387E-01 -3.983491E-01 -4.657769E-01 -4.819341E-01 -3.450205E-01 -2.037248E-01 -1.960777E-01
-1.864644E-01 -3.228281E-01 -2.810833E-01 -1.486369E-01 -3.781407E-01 -1.955699E-01 -1.633614E-01 -6.841979E-02 -2.895600E-01 -4.690713E-01 -2.499488E-01 -2.460460E-01 -2.318311E-01 -1.268220E-01 -2.415496E-01 -1.147789E-01 2.162620E-01 2.079019E-01 3.889491E-01 6.764771E-01 8.241226E-01 1.039820E+00 1.053214E+00 7.359742E-01 6.346016E-01 4.842520E-01 3.853667E-01 3.396935E-01 2.395232E-01 7.119652E-02 1.328316E-01 2.196117E-01 1.972943E-01 -5.291332E-02 5.669948E-02 -9.763743E-02 1.361458E-01 1.698636E-01 8.386654E-02 -4.613560E-02 -3.586026E-02 -2.619478E-01 -4.272102E-01 -5.071006E-01 -5.575663E-01 -4.617276E-01 -2.037225E-01 -1.592208E-01 -1.588750E-02 -1.595597E-01
-3.553303E-01 -3.103646E-01 -3.660543E-01 -1.734148E-01 -2.911776E-01 -3.566436E-01 -1.094724E-01 -2.918429E-01 -3.753125E-01 -3.941455E-01 -4.423018E-01 -3.381542E-01 -6.878109E-02 -1.841559E-01 -3.865140E-01 8.004065E-02 2.668561E-01 3.978441E-01 3.929001E-01 7.734459E-01 9.659403E-01 9.470196E-01 1.177121E+00 9.964952E-01 6.629210E-01 3.601350E-01 3.941290E-01 4.722804E-01 2.521768E-01 2.557128E-01 2.186479E-01 1.998467E-01 3.706538E-02 3.222177E-02 1.228559E-01 2.879210E-01 1.449358E-01 2.609393E-01 -2.294352E-02 1.939948E-01 2.767852E-01 -1.815735E-02 -3.283017E-01 -4.325373E-01 -5.921081E-01 -4.174977E-01 -3.427860E-01 -7.668642E-02 6.636360E-02 -7.063065E-02
-2.536915E-01 -1.915692E-01 -2.309316E-01 -3.379304E-01 -2.814719E-01 -2.433025E-01 -1.925685E-01 -1.923573E-01 -1.939674E-01 -3.864345E-01 -4.591617E-01 -3.965056E-01 -1.320149E-01 -1.380351E-01 -4.760384E-02 2.252837E-01 2.288109E-01 3.405647E-01 5.158960E-01 8.879812E-01 1.097777E+00 1.093278E+00 1.126006E+00 9.586228E-01 6.623011E-01 5.675052E-01 2.889287E-01 4.577091E-01 4.719191E-01 4.459538E-01 1.035578E-01 1.459704E-01 2.269923E-01 1.339079E-01 1.907501E-01 2.333112E-01 2.852559E-01 2.823078E-01 3.894353E-01 3.026300E-01 2.383340E-01 1.735178E-01 -4.006363E-02 -3.232064E-01 -3.744588E-01 -3.394340E-01 -2.127979E-01 -2.164575E-01 -6.525967E-02 -1.564699E-01
-2.794092E-01 -1.483322E-01 -3.008576E-01 -3.381235E-01 -2.148975E-01 -2.482089E-01 -2.030838E-01 -2.499369E-01 -2.145954E-01 -3.788814E-01 -5.706635E-01 -4.477513E-01 -1.444217E-01 -2.980646E-02 1.910951E-01 4.209825E-01 3.805515E-01 3.778528E-01 4.925961E-01 7.768134E-01 1.054271E+00 1.184909E+00 1.024903E+00 1.010737E+00 8.024272E-01 8.107278E-01 6.422294E-01 6.968890E-01 5.856918E-01 3.957458E-01 2.710573E-01 5.917175E-02 2.134208E-01 3.688135E-01 2.745670E-01 2.765813E-01 2.430629E-01 4.407945E-01 4.575451E-01 2.871689E-01 3.688384E-01 3.605718E-01 5.807966E-02 -1.655073E-01 -2.327743E-01 -1.845297E-01 -8.988821E-02 7.986687E-02 1.148416E-02 3.286000E-02
8.142655E-03 -4.743426E-02 -4.157234E-01 -3.668569E-01 -2.324481E-01 -9.372907E-02 -1.504908E-01 -2.504530E-01 -1.425161E-01 -2.742912E-01 -1.160114E-01 1.452686E-02 -3.821938E-02 1.791064E-01 2.881074E-01 1.884883E-01 3.040241E-01 5.311357E-01 6.731871E-01 8.954005E-01 9.743364E-01 1.092091E+00 1.056024E+00 9.813440E-01 1.072089E+00 9.732832E-01 9.184776E-01 7.284172E-01 6.531501E-01 5.570952E-01 4.722951E-01 3.907974E-01 2.743814E-01 5.212058E-01 1.490047E-01 2.753844E-01 3.676656E-01 5.129764E-01 5.230629E-01 3.371165E-01 3.542512E-01 4.442909E-01 1.896152E-01 2.471015E-02 7.279603E-02 1.370370E-02 3.296871E-02 2.522147E-01 1.945923E-01 2.436057E-01
-4.246877E-01 -2.657143E-01 -1.909263E-01 -1.190177E-01 -1.373160E-01 -6.486969E-02 -2.950221E-01 -2.498948E-01 -1.465625E-01 1.469373E-01 8.710069E-02 2.227305E-01 1.870255E-01 2.493987E-01 4.814706E-01 5.563024E-01 5.595213E-01 5.327522E-01 6.682428E-01 7.954847E-01 8.328881E-01 9.854070E-01 1.105429E+00 9.744891E-01 1.013718E+00 9.153848E-01 9.769198E-01 8.388370E-01 6.533643E-01 5.915901E-01 5.002436E-01 5.946852E-01 3.771995E-01 1.266644E-01 1.071336E-01 1.599649E-01 2.955161E-01 3.673311E-01 3.336552E-01 3.948877E-01 3.018769E-01 2.296913E-01 3.518946E-01 3.093738E-01 2.990117E-01 3.804235E-01 1.968458E-01 8.183353E-02 3.627220E-01 1.660907E-01
-3.804722E-02 -1.489951E-01 5.848071E-02 5.704883E-02 3.781321E-02 1.961889E-02 -1.078013E-01 8.588289E-02 -3.863163E-02 1.999939E-01 1.899513E-01 2.461949E-01 5.617332E-01 6.299205E-01 6.330895E-01 5.894916E-01 4.807585E-01 5.000075E-01 4.848992E-01 6.845147E-01 7.247044E-01 9.205515E-01 9.855409E-01 7.783986E-01 9.906017E-01 8.076423E-01 8.009111E-01 6.911435E-01 5.466331E-01 6.580741E-01 3.520925E-01 4.990402E-01 3.056299E-01 2.897047E-01 1.567499E-01 1.093612E-01 3.236445E-01 3.410115E-01 4.785521E-01 3.608584E-01 4.073620E-01 2.063325E-01 4.493946E-01 3.925550E-01 4.027343E-01 3.275729E-01 1.313661E-01 1.155040E-01 2.946743E-01 2.241626E-01
4.932308E-02 -3.826080E-03 7.661786E-02 3.117571E-02 -8.274302E-04 8.732559E-02 1.050235E-01 6.250492E-02 2.676105E-01 3.153728E-01 3.649544E-01 4.548880E-01 4.361106E-01 5.469808E-01 5.570877E-01 4.161177E-01 5.076835E-01 4.837012E-01 5.721051E-01 5.265273E-01 5.456995E-01 9.859417E-01 8.669902E-01 7.933297E-01 7.232976E-01 7.623162E-01 5.674036E-01 7.841468E-01 6.066191E-01 3.603233E-01 4.547153E-01 4.139139E-01 3.819082E-01 2.518848E-01 2.992328E-01 4.944018E-01 4.398195E-01 4.253831E-01 4.720427E-01 4.261417E-01 3.238461E-01 1.512819E-01 2.613364E-01 3.489299E-01 5.307982E-01 2.707994E-01 1.706055E-01 3.456840E-01 4.370983E-01 3.586577E-01
4.423979E-02 1.767569E-01 2.775971E-01 8.622631E-02 5.233954E-02 1.431131E-02 2.694856E-01 1.995753E-01 2.051719E-01 1.528901E-01 2.308991E-01 4.147052E-01 5.019624E-01 5.045117E-01 6.364255E-01 4.648041E-01 5.290425E-01 3.828222E-01 5.166752E-01 5.916445E-01 5.765221E-01 8.162963E-01 8.733720E-01 9.385844E-01 9.048768E-01 8.309648E-01 8.923810E-01 8.097268E-01 8.526374E-01 5.853335E-01 6.890150E-01 2.842387E-01 3.713959E-01 3.741404E-01 3.043255E-01 3.201261E-01 2.584874E-01 4.664233E-01 4.933928E-01 3.748457E-01 2.021632E-01 2.618265E-01 3.908244E-01 4.385759E-01 3.351308E-01 2.550444E-01 3.773195E-01 5.160961E-01 3.419378E-01 1.797040E-01
-8.894414E-02 -9.802372E-02 1.313199E-01 2.380125E-01 2.346008E-01 1.656135E-01 7.426005E-02 -3.938460E-02 4.080836E-02 7.041102E-02 1.159382E-01 2.394792E-01 4.073313E-01 4.257014E-01 5.847637E-01 4.131713E-01 3.945555E-01 5.215632E-01 5.357106E-01 6.375169E-01 4.849740E-01 7.529720E-01 9.885362E-01 9.799019E-01 9.311193E-01 9.371582E-01 8.328232E-01 9.096925E-01 9.696260E-01 8.041477E-01 5.608449E-01 2.794440E-01 3.477760E-01 3.453153E-01 4.033459E-01 2.804830E-01 2.671638E-01 6.363583E-01 2.598948E-01 3.030011E-01 1.914491E-01 1.524663E-01 1.564092E-01 2.836540E-01 8.710531E-02 5.504370E-02 1.524379E-01 5.151699E-01 3.088123E-01 4.429679E-01
-1.559795E-01 -8.570790E-02 -3.906806E-02 1.896444E-01 3.761320E-01 9.314069E-02 7.067165E-02 -1.267612E-01 -1.255332E-01 6.673505E-02 -1.592971E-02 4.129228E-01 5.439396E-01 4.209253E-01 3.329492E-01 2.994995E-01 3.091309E-01 4.414470E-01 6.325968E-01 5.376168E-01 6.161345E-01 7.674024E-01 9.970007E-01 1.080283E+00 1.257642E+00 1.244577E+00 9.026118E-01 7.884164E-01 8.778648E-01 8.558758E-01 6.860821E-01 4.342306E-01 2.319396E-01 3.429893E-01 3.764850E-01 3.550333E-01 5.859343E-01 5.037342E-01 3.814167E-01 2.139720E-01 1.573628E-01 2.579846E-01 3.817935E-01 2.022943E-01 2.572936E-03 -5.901436E-02 8.640894E-02 4.069029E-01 4.096327E-01 3.145224E-01
-2.245464E-01 -6.689741E-02 1.654755E-01 2.214208E-01 3.565204E-01 2.356678E-01 7.766581E-02 -9.403816E-02 4.460561E-02 1.048908E-02 1.041356E-01 3.167365E-01 2.908421E-01 2.690333E-01 3.115538E-01 1.719498E-01 2.545964E-01 2.933868E-01 4.715796E-01 3.730268E-01 6.513183E-01 7.146515E-01 1.015028E+00 1.116445E+00 1.231088E+00 1.118917E+00 9.600316E-01 1.030987E+00 9.447174E-01 8.393934E-01 6.245386E-01 5.023501E-01 2.674627E-01 3.042977E-01 3.754866E-01 4.612133E-01 6.137846E-01 4.442200E-01 4.429461E-01 2.382281E-01 1.067126E-01 1.719671E-01 3.436053E-01 6.155464E-02 -1.085075E-01 -1.164312E-01 -3.069240E-02 1.618939E-01 3.311178E-01 3.442637E-01
-8.527561E-02 -1.400134E-01 -3.007024E-03 1.577480E-01 1.204650E-01 3.072416E-01 5.701492E-02 -2.030971E-01 -7.095544E-02 6.714939E-02 2.063438E-01 2.244789E-01 1.553017E-01 2.019518E-01 1.804642E-01 1.856880E-01 3.119955E-01 3.784909E-01 3.615543E-01 3.299148E-01 5.011298E-01 7.192822E-01 8.061786E-01 1.032689E+00 1.051572E+00 1.141321E+00 9.193593E-01 8.246772E-01 7.839258E-01 5.925891E-01 4.771696E-01 5.764930E-01 3.164836E-01 3.950135E-01 3.368230E-01 3.995933E-01 5.405354E-01 5.164726E-01 5.269201E-01 3.252371E-01 1.643002E-01 2.581043E-01 1.316100E-01 3.107504E-02 7.050553E-02 8.828568E-02 -7.678863E-02 1.288527E-01 2.113993E-01 3.619638E-01
-4.176357E-02 -1.933300E-01 -2.510166E-02 5.092356E-02 1.388251E-01 1.162364E-01 8.418004E-02 -5.296958E-02 -2.476832E-01 -2.368124E-01 8.214242E-02 1.300441E-01 -3.271178E-02 2.039427E-01 2.182235E-01 6.624725E-02 1.430739E-01 2.904834E-01 4.728693E-01 3.372617E-01 4.571909E-01 5.436694E-01 6.657843E-01 8.587350E-01 9.792702E-01 9.320353E-01 7.677512E-01 7.519597E-01 5.900147E-01 4.208246E-01 4.075641E-01 2.856426E-01 1.141294E-01 1.921012E-01 3.808401E-01 3.586324E-01 3.398432E-01 6.186079E-01 5.562562E-01 3.336296E-01 1.946492E-01 9.598316E-03 9.470899E-02 1.876930E-01 1.212702E-01 1.529023E-01 2.121135E-01 1.254582E-01 2.122734E-01 1.104116E-01
-1.002068E-01 -1.306260E-01 -5.418170E-02 -8.763728E-02 -9.229187E-02 -9.688684E-02 -3.201214E-02 -1.284001E-01 -2.313969E-01 -1.324217E-01 2.200749E-02 -8.489589E-02 -5.306633E-03 -7.574623E-04 1.480145E-02 -1.057482E-01 -1.014977E-01 7.549877E-02 2.469265E-01 2.304456E-01 3.040715E-01 5.338032E-01 4.293174E-01 5.647322E-01 9.494800E-01 9.495739E-01 7.590152E-01 7.245817E-01 5.481603E-01 4.739949E-01 3.135366E-01 3.511970E-01 3.112504E-01 2.205137E-01 2.612257E-01 2.855607E-01 5.613559E-01 5.253179E-01 5.350614E-01 2.174905E-01 1.402531E-01 2.864592E-01 1.182250E-01 -9.813426E-02 1.008600E-01 4.214020E-02 7.362378E-02 5.628718E-03 1.443584E-01 1.816078E-01
