     6     6     1
  6.2500000E-02  3.5457071E-02  1.9202737E-02  1.6016459E-02  2.4152867E-02  3.8611557E-02
  3.5457071E-02  6.2500000E-02  3.3100344E-02  2.2671729E-02  2.4931397E-02  2.8755546E-02
  1.9202737E-02  3.3100344E-02  6.2500000E-02  3.1451002E-02  2.1959184E-02  1.8399568E-02
  1.6016459E-02  2.2671729E-02  3.1451002E-02  6.2500000E-02  3.1783994E-02  1.9987006E-02
  2.4152867E-02  2.4931397E-02  2.1959184E-02  3.1783994E-02  6.2500000E-02  3.5754848E-02
  3.8611557E-02  2.8755546E-02  1.8399568E-02  1.9987006E-02  3.5754848E-02  6.2500000E-02
* row and column names
 1
 2
 3
 4
 5
 6
