tutorials/parameterisation/ppcov_covariance_matrices/completed/t1-ppcov/cov1.grd
DSAA
   523   523
   1.0000000000E+00    5.2300000000E+02
   1.0000000000E+00    5.2300000000E+02
   0.0000000000E+00    1.0000000000E+00
[rows 184 to 206 of 523, columns 468 to 519 of 523]
1.189034E-01 1.016897E-01 1.506992E-01 4.952845E-02 9.936124E-02 1.408861E-01 9.027933E-01 7.640954E-01 6.853232E-01 5.172768E-01 4.511357E-01 3.885133E-01 3.370569E-01 3.186092E-01 2.445219E-01 2.783795E-01 2.871702E-01 2.323205E-01 2.341875E-01 2.967113E-01 3.277000E-01 3.203137E-01 3.949525E-01 3.876062E-01 3.555938E-01 4.111833E-01 3.721543E-01 3.168933E-01 2.874367E-01 2.128135E-01 2.697636E-01 1.853129E-01 2.062877E-01 2.291404E-01 1.816824E-01 1.563418E-01 1.369352E-01 1.665713E-01 1.387457E-01 1.118588E-01 1.205040E-01 1.170201E-01 1.300357E-01 1.521577E-01 1.899013E-01 1.613559E-01 2.791660E-01 3.191489E-01 3.142106E-01 8.386634E-02 1.009751E-01 1.021203E-01
1.192223E-01 1.006477E-01 1.561099E-01 5.439870E-02 1.218656E-01 1.732496E-01 7.875106E-01 6.167042E-01 5.505217E-01 4.315867E-01 3.686283E-01 3.293330E-01 2.983713E-01 2.876466E-01 2.076506E-01 2.294111E-01 2.322209E-01 1.861170E-01 1.864085E-01 2.379308E-01 2.607726E-01 2.547972E-01 3.149339E-01 3.080462E-01 2.824733E-01 3.298483E-01 3.107446E-01 2.747212E-01 2.500342E-01 1.839508E-01 2.218493E-01 1.498761E-01 1.699020E-01 1.907626E-01 1.503670E-01 1.279987E-01 1.124342E-01 1.390636E-01 1.169318E-01 9.284389E-02 9.884722E-02 9.547121E-02 1.111536E-01 1.299237E-01 1.597878E-01 1.364764E-01 2.404467E-01 2.727847E-01 2.573044E-01 6.998655E-02 8.354567E-02 8.389882E-02
1.054222E-01 8.976648E-02 1.352916E-01 4.566216E-02 1.000584E-01 1.423382E-01 9.379494E-01 7.343255E-01 6.055987E-01 4.496023E-01 3.956354E-01 3.369737E-01 2.918346E-01 2.762710E-01 2.121776E-01 2.435956E-01 2.543080E-01 2.081498E-01 2.128395E-01 2.652201E-01 2.976947E-01 3.001854E-01 3.733403E-01 3.539934E-01 3.296618E-01 3.948857E-01 3.792145E-01 3.344024E-01 3.040885E-01 1.843066E-01 2.363047E-01 1.642903E-01 1.806825E-01 1.998072E-01 1.588277E-01 1.374292E-01 1.202014E-01 1.451834E-01 1.206423E-01 9.773392E-02 1.058503E-01 1.031282E-01 1.127767E-01 1.319713E-01 1.651363E-01 1.401741E-01 2.417973E-01 2.765959E-01 2.757121E-01 8.543927E-02 1.019085E-01 1.021970E-01
1.022344E-01 8.607857E-02 1.350153E-01 4.838396E-02 1.192163E-01 1.698692E-01 7.512500E-01 5.880629E-01 4.920123E-01 3.748455E-01 3.240996E-01 2.838249E-01 2.542216E-01 2.444690E-01 1.786728E-01 2.003687E-01 2.061146E-01 1.674029E-01 1.703990E-01 2.135839E-01 2.383951E-01 2.404936E-01 2.995375E-01 2.832742E-01 2.637084E-01 3.183196E-01 3.172742E-01 2.910274E-01 2.659888E-01 1.573893E-01 1.940311E-01 1.330191E-01 1.484174E-01 1.655782E-01 1.309309E-01 1.122912E-01 9.841457E-02 1.204944E-01 1.008594E-01 8.068452E-02 8.658171E-02 8.399628E-02 9.536817E-02 1.115248E-01 1.379549E-01 1.175576E-01 2.060032E-01 2.343052E-01 2.257634E-01 7.229640E-02 8.540598E-02 8.501237E-02
8.453488E-02 7.103511E-02 1.124039E-01 4.140719E-02 1.125301E-01 1.602700E-01 6.587868E-01 5.335856E-01 4.246790E-01 3.163318E-01 2.773049E-01 2.379673E-01 2.103854E-01 2.016120E-01 1.497298E-01 1.707512E-01 1.787935E-01 1.475779E-01 1.529653E-01 1.875525E-01 2.133582E-01 2.229945E-01 2.790721E-01 2.545839E-01 2.412132E-01 3.010382E-01 3.205905E-01 3.085785E-01 2.840515E-01 1.310176E-01 1.656288E-01 1.156370E-01 1.266423E-01 1.402012E-01 1.113446E-01 9.637138E-02 8.426683E-02 1.018957E-01 8.485141E-02 6.852175E-02 7.421694E-02 7.238455E-02 7.970956E-02 9.325325E-02 1.161327E-01 9.871384E-02 1.717025E-01 1.958269E-01 1.932606E-01 7.537638E-02 8.784891E-02 8.652005E-02
7.030280E-02 5.887254E-02 9.443191E-02 3.612679E-02 1.090001E-01 1.546319E-01 5.429075E-01 4.501013E-01 3.507538E-01 2.590557E-01 2.286391E-01 1.944759E-01 1.713729E-01 1.642688E-01 1.223872E-01 1.406708E-01 1.488009E-01 1.242074E-01 1.303857E-01 1.572805E-01 1.811086E-01 1.942495E-01 2.433136E-01 2.164237E-01 2.077767E-01 2.652273E-01 2.988958E-01 3.026761E-01 2.814718E-01 1.068480E-01 1.365833E-01 9.648871E-02 1.044584E-01 1.151503E-01 9.168364E-02 7.979111E-02 6.968403E-02 8.366064E-02 6.949751E-02 5.640575E-02 6.142356E-02 6.010816E-02 6.510331E-02 7.617415E-02 9.512831E-02 8.077549E-02 1.400685E-01 1.598802E-01 1.595625E-01 7.393692E-02 8.486886E-02 8.268471E-02
6.914152E-02 5.819595E-02 9.169428E-02 3.390681E-02 9.724770E-02 1.381863E-01 5.792944E-01 4.942493E-01 3.784114E-01 2.760088E-01 2.467814E-01 2.063255E-01 1.784805E-01 1.696858E-01 1.300807E-01 1.519014E-01 1.627021E-01 1.372189E-01 1.452446E-01 1.731592E-01 2.010793E-01 2.184360E-01 2.735197E-01 2.403686E-01 2.324681E-01 2.991848E-01 3.407027E-01 3.446392E-01 3.200366E-01 1.126074E-01 1.477134E-01 1.058709E-01 1.130752E-01 1.237633E-01 9.901376E-02 8.684810E-02 7.574523E-02 8.991219E-02 7.433146E-02 6.092796E-02 6.684631E-02 6.567359E-02 6.909548E-02 8.086095E-02 1.017216E-01 8.617667E-02 1.477511E-01 1.691687E-01 1.727905E-01 8.410055E-02 9.670106E-02 9.428008E-02
6.472601E-02 5.499629E-02 8.391523E-02 2.951297E-02 7.854016E-02 1.117761E-01 5.930887E-01 5.497434E-01 4.095621E-01 2.938177E-01 2.704435E-01 2.190050E-01 1.832384E-01 1.717071E-01 1.393364E-01 1.676961E-01 1.842576E-01 1.591162E-01 1.715281E-01 1.989319E-01 2.351235E-01 2.632320E-01 3.287607E-01 2.807751E-01 2.764938E-01 3.626605E-01 4.267161E-01 4.339052E-01 4.022011E-01 1.188152E-01 1.636281E-01 1.211555E-01 1.257638E-01 1.355890E-01 1.096975E-01 9.783741E-02 8.515254E-02 9.871011E-02 8.092015E-02 6.769911E-02 7.537342E-02 7.465703E-02 7.413011E-02 8.670851E-02 1.104762E-01 9.327599E-02 1.557632E-01 1.791232E-01 1.916220E-01 1.057973E-01 1.218340E-01 1.187944E-01
5.145589E-02 4.415120E-02 6.530300E-02 2.218900E-02 5.742282E-02 8.170039E-02 4.769680E-01 4.902545E-01 3.645456E-01 2.612722E-01 2.510882E-01 1.961852E-01 1.583086E-01 1.461158E-01 1.277454E-01 1.598685E-01 1.824196E-01 1.647723E-01 1.836825E-01 2.014021E-01 2.446178E-01 2.909625E-01 3.574438E-01 2.894144E-01 2.959968E-01 4.003835E-01 5.237833E-01 5.762706E-01 5.404956E-01 1.070731E-01 1.568877E-01 1.232145E-01 1.220032E-01 1.283938E-01 1.060340E-01 9.725555E-02 8.452567E-02 9.426871E-02 7.653923E-02 6.615783E-02 7.529543E-02 7.559656E-02 6.875838E-02 8.021513E-02 1.036818E-01 8.733812E-02 1.395149E-01 1.608358E-01 1.832867E-01 1.421052E-01 1.617271E-01 1.561888E-01
5.456653E-02 4.705526E-02 6.842179E-02 2.272496E-02 5.539246E-02 7.890465E-02 4.978835E-01 5.315993E-01 3.983134E-01 2.866386E-01 2.786104E-01 2.161275E-01 1.727891E-01 1.587599E-01 1.417957E-01 1.787404E-01 2.051063E-01 1.862008E-01 2.079380E-01 2.270273E-01 2.763564E-01 3.295071E-01 4.046137E-01 3.265278E-01 3.349263E-01 4.533624E-01 5.881662E-01 6.222064E-01 5.760520E-01 1.184299E-01 1.755963E-01 1.390700E-01 1.368973E-01 1.434627E-01 1.189434E-01 1.095328E-01 9.519509E-02 1.055600E-01 8.559285E-02 7.437895E-02 8.487153E-02 8.532842E-02 7.661825E-02 8.931256E-02 1.157130E-01 9.746337E-02 1.539403E-01 1.774745E-01 2.049511E-01 1.517003E-01 1.745343E-01 1.697272E-01
7.672507E-02 6.590970E-02 9.675334E-02 3.209997E-02 7.325711E-02 1.043906E-01 7.048149E-01 7.205161E-01 5.334986E-01 3.814270E-01 3.568245E-01 2.848476E-01 2.335873E-01 2.166601E-01 1.826423E-01 2.223082E-01 2.454986E-01 2.118537E-01 2.271831E-01 2.651533E-01 3.125980E-01 3.442887E-01 4.310295E-01 3.734810E-01 3.651226E-01 4.714792E-01 5.117366E-01 4.720281E-01 4.303109E-01 1.546443E-01 2.171399E-01 1.614958E-01 1.671342E-01 1.794002E-01 1.456750E-01 1.303276E-01 1.134096E-01 1.307750E-01 1.069456E-01 9.000271E-02 1.004223E-01 9.951574E-02 9.742867E-02 1.138930E-01 1.457895E-01 1.229780E-01 2.023341E-01 2.330386E-01 2.542720E-01 1.176322E-01 1.385741E-01 1.373507E-01
7.344125E-02 6.325762E-02 9.207648E-02 3.030688E-02 6.855017E-02 9.768391E-02 6.664371E-01 7.067804E-01 5.243601E-01 3.751699E-01 3.553626E-01 2.808673E-01 2.281257E-01 2.107640E-01 1.812266E-01 2.228495E-01 2.485345E-01 2.167544E-01 2.343223E-01 2.700146E-01 3.207458E-01 3.585862E-01 4.483660E-01 3.827929E-01 3.776954E-01 4.928921E-01 5.455922E-01 5.040112E-01 4.592145E-01 1.527693E-01 2.179829E-01 1.644064E-01 1.682184E-01 1.794875E-01 1.464663E-01 1.319098E-01 1.147273E-01 1.310830E-01 1.069316E-01 9.069093E-02 1.017272E-01 1.011265E-01 9.694636E-02 1.132595E-01 1.455117E-01 1.226637E-01 1.995443E-01 2.299594E-01 2.551626E-01 1.257040E-01 1.480099E-01 1.465941E-01
6.297930E-02 5.445256E-02 7.839278E-02 2.563107E-02 5.875548E-02 8.373701E-02 5.634792E-01 6.176426E-01 4.643515E-01 3.344021E-01 3.246264E-01 2.521484E-01 2.014792E-01 1.849512E-01 1.651743E-01 2.073844E-01 2.364672E-01 2.121276E-01 2.343744E-01 2.604837E-01 3.149978E-01 3.675571E-01 4.553917E-01 3.736708E-01 3.785882E-01 5.075062E-01 6.142436E-01 5.929542E-01 5.414942E-01 1.380874E-01 2.035493E-01 1.590960E-01 1.582746E-01 1.665295E-01 1.375654E-01 1.259410E-01 1.094605E-01 1.223092E-01 9.928841E-02 8.577661E-02 9.742631E-02 9.762226E-02 8.909052E-02 1.038967E-01 1.344277E-01 1.132322E-01 1.795662E-01 2.070195E-01 2.377715E-01 1.461203E-01 1.707337E-01 1.679456E-01
8.830839E-02 7.604791E-02 1.105317E-01 3.606484E-02 7.686032E-02 1.093960E-01 7.876968E-01 8.325992E-01 6.175546E-01 4.417169E-01 4.098338E-01 3.296008E-01 2.711024E-01 2.514697E-01 2.106347E-01 2.540442E-01 2.771276E-01 2.353693E-01 2.484825E-01 2.966107E-01 3.447536E-01 3.669557E-01 4.593359E-01 4.120812E-01 3.953592E-01 4.947486E-01 4.944101E-01 4.331678E-01 3.932783E-01 1.788449E-01 2.477681E-01 1.810498E-01 1.902497E-01 2.054886E-01 1.660554E-01 1.473864E-01 1.283669E-01 1.495755E-01 1.226352E-01 1.023945E-01 1.134810E-01 1.119659E-01 1.121808E-01 1.311867E-01 1.673988E-01 1.413059E-01 2.341626E-01 2.695938E-01 2.901469E-01 1.114648E-01 1.328090E-01 1.329144E-01
1.369610E-01 1.249758E-01 1.494142E-01 4.311108E-02 5.329398E-02 7.371043E-02 3.955947E-01 4.755542E-01 6.123278E-01 7.218285E-01 8.769975E-01 6.818386E-01 5.109459E-01 4.527312E-01 4.973625E-01 6.344718E-01 6.840132E-01 5.421111E-01 5.138571E-01 6.920151E-01 6.843870E-01 5.407093E-01 5.649056E-01 7.208864E-01 6.190343E-01 5.183199E-01 3.551894E-01 2.651101E-01 2.431437E-01 4.090030E-01 6.209095E-01 4.413649E-01 4.778269E-01 5.099708E-01 4.167043E-01 3.685079E-01 3.214743E-01 3.733312E-01 3.038940E-01 2.571855E-01 2.836410E-01 2.775371E-01 2.723873E-01 3.171425E-01 4.116533E-01 3.467299E-01 5.172014E-01 5.897316E-01 7.268239E-01 1.053202E-01 1.321923E-01 1.404476E-01
1.343852E-01 1.210500E-01 1.507785E-01 4.398509E-02 5.900012E-02 8.203974E-02 4.590910E-01 5.507208E-01 7.097959E-01 7.747090E-01 8.664969E-01 6.513458E-01 4.939654E-01 4.408720E-01 4.439744E-01 5.516503E-01 5.900033E-01 4.734434E-01 4.599092E-01 6.055610E-01 6.311962E-01 5.300339E-01 5.845112E-01 7.050294E-01 6.083931E-01 5.482776E-01 3.849228E-01 2.897789E-01 2.647001E-01 3.686271E-01 5.382937E-01 3.808639E-01 4.130602E-01 4.450169E-01 3.607504E-01 3.175848E-01 2.771491E-01 3.245485E-01 2.651511E-01 2.223278E-01 2.444537E-01 2.391055E-01 2.396585E-01 2.796333E-01 3.606873E-01 3.039556E-01 4.740680E-01 5.450051E-01 6.303642E-01 1.056990E-01 1.319275E-01 1.388995E-01
1.172445E-01 1.047162E-01 1.344304E-01 3.976785E-02 5.898735E-02 8.266646E-02 5.155550E-01 6.367600E-01 7.673067E-01 6.926937E-01 7.288347E-01 5.517952E-01 4.229514E-01 3.796080E-01 3.727695E-01 4.679572E-01 5.165495E-01 4.303373E-01 4.360417E-01 5.474128E-01 6.097527E-01 5.596792E-01 6.510739E-01 7.151431E-01 6.363565E-01 6.272693E-01 4.522477E-01 3.425678E-01 3.123845E-01 3.094686E-01 4.580230E-01 3.361582E-01 3.532124E-01 3.763622E-01 3.076961E-01 2.747915E-01 2.392886E-01 2.753371E-01 2.242216E-01 1.902421E-01 2.115861E-01 2.085596E-01 2.017472E-01 2.352426E-01 3.042510E-01 2.563055E-01 3.986669E-01 4.587604E-01 5.360538E-01 1.177090E-01 1.459752E-01 1.522518E-01
1.062424E-01 9.420970E-02 1.240081E-01 3.722076E-02 5.987086E-02 8.434175E-02 5.648096E-01 7.131690E-01 7.753325E-01 6.234549E-01 6.356902E-01 4.848267E-01 3.754028E-01 3.386641E-01 3.242790E-01 4.072545E-01 4.543251E-01 3.862407E-01 4.009932E-01 4.878194E-01 5.602862E-01 5.513551E-01 6.680471E-01 6.673491E-01 6.158521E-01 6.676615E-01 5.051459E-01 3.869447E-01 3.520712E-01 2.696611E-01 3.989545E-01 2.977476E-01 3.083195E-01 3.273569E-01 2.683832E-01 2.412009E-01 2.098825E-01 2.397303E-01 1.950527E-01 1.662286E-01 1.858454E-01 1.839083E-01 1.753637E-01 2.044806E-01 2.645138E-01 2.228220E-01 3.483419E-01 4.011953E-01 4.666976E-01 1.249062E-01 1.538147E-01 1.589883E-01
9.227554E-02 8.163244E-02 1.085351E-01 3.287564E-02 5.630001E-02 7.963490E-02 5.646825E-01 7.253998E-01 6.937900E-01 5.391439E-01 5.521300E-01 4.193802E-01 3.243680E-01 2.927614E-01 2.829636E-01 3.601362E-01 4.105011E-01 3.599661E-01 3.847254E-01 4.485208E-01 5.313497E-01 5.630721E-01 7.004944E-01 6.349182E-01 6.124643E-01 7.294092E-01 5.818108E-01 4.476977E-01 4.071963E-01 2.345081E-01 3.538397E-01 2.731275E-01 2.753303E-01 2.890006E-01 2.393177E-01 2.181464E-01 1.896439E-01 2.126784E-01 1.724764E-01 1.490587E-01 1.684455E-01 1.678851E-01 1.540477E-01 1.793739E-01 2.329403E-01 1.962025E-01 3.020633E-01 3.477001E-01 4.129530E-01 1.397543E-01 1.710451E-01 1.754673E-01
9.517738E-02 8.325625E-02 1.147625E-01 3.559990E-02 6.543851E-02 9.275914E-02 6.688147E-01 8.586866E-01 7.282047E-01 5.310137E-01 5.155629E-01 4.016197E-01 3.187719E-01 2.909327E-01 2.623592E-01 3.247461E-01 3.605447E-01 3.088985E-01 3.260153E-01 3.884037E-01 4.527736E-01 4.737712E-01 5.904171E-01 5.411703E-01 5.158774E-01 6.228339E-01 5.446898E-01 4.374880E-01 3.964260E-01 2.198663E-01 3.176678E-01 2.367448E-01 2.450053E-01 2.614634E-01 2.133877E-01 1.914032E-01 1.665508E-01 1.910258E-01 1.557587E-01 1.320143E-01 1.474824E-01 1.460505E-01 1.408394E-01 1.644365E-01 2.117765E-01 1.784736E-01 2.860626E-01 3.297982E-01 3.718548E-01 1.249048E-01 1.515249E-01 1.541008E-01
7.533077E-02 6.581619E-02 9.137751E-02 2.870737E-02 5.739357E-02 8.165291E-02 5.958692E-01 7.253065E-01 5.754744E-01 4.218814E-01 4.183517E-01 3.214527E-01 2.529022E-01 2.303004E-01 2.132796E-01 2.698794E-01 3.085099E-01 2.753158E-01 3.012077E-01 3.394225E-01 4.086156E-01 4.644927E-01 5.802190E-01 4.859242E-01 4.864975E-01 6.388745E-01 6.590160E-01 5.494724E-01 4.976956E-01 1.774887E-01 2.651075E-01 2.070888E-01 2.064183E-01 2.166065E-01 1.793871E-01 1.642595E-01 1.427684E-01 1.593454E-01 1.292351E-01 1.119099E-01 1.270187E-01 1.271042E-01 1.155979E-01 1.346904E-01 1.746711E-01 1.471218E-01 2.298395E-01 2.648798E-01 3.094552E-01 1.482731E-01 1.775316E-01 1.781564E-01
6.691231E-02 5.904998E-02 7.948799E-02 2.445484E-02 4.683888E-02 6.661146E-02 4.874702E-01 6.055744E-01 5.106630E-01 3.895030E-01 4.035038E-01 3.045940E-01 2.345236E-01 2.115158E-01 2.097098E-01 2.730029E-01 3.219554E-01 2.999786E-01 3.374942E-01 3.608490E-01 4.439694E-01 5.347583E-01 6.561847E-01 5.195778E-01 5.422636E-01 7.362200E-01 7.936865E-01 6.195752E-01 5.636292E-01 1.727081E-01 2.697359E-01 2.229574E-01 2.134687E-01 2.190839E-01 1.853909E-01 1.739929E-01 1.512761E-01 1.633083E-01 1.317821E-01 1.173688E-01 1.354145E-01 1.369535E-01 1.161546E-01 1.347469E-01 1.760978E-01 1.484780E-01 2.208562E-01 2.537911E-01 3.125501E-01 1.802161E-01 2.168519E-01 2.183043E-01
5.765008E-02 5.062445E-02 6.935572E-02 2.169917E-02 4.488310E-02 6.393670E-02 4.576890E-01 5.482727E-01 4.421524E-01 3.313051E-01 3.398291E-01 2.571304E-01 1.989158E-01 1.799023E-01 1.761022E-01 2.292119E-01 2.710544E-01 2.553725E-01 2.906039E-01 3.047274E-01 3.765286E-01 4.646787E-01 5.605613E-01 4.382295E-01 4.627962E-01 6.311248E-01 8.331661E-01 7.239828E-01 6.561292E-01 1.451243E-01 2.265391E-01 1.892779E-01 1.796216E-01 1.839609E-01 1.560083E-01 1.471284E-01 1.279612E-01 1.372981E-01 1.107504E-01 9.907623E-02 1.147546E-01 1.164400E-01 9.752271E-02 1.131143E-01 1.478563E-01 1.246792E-01 1.858896E-01 2.137408E-01 2.623841E-01 1.918443E-01 2.270166E-01 2.250895E-01
