tutorials/parameterisation/ppcov_covariance_matrices/completed/t1-ppcov/cov1.grd
DSAA
   523   523
   1.0000000000E+00    5.2300000000E+02
   1.0000000000E+00    5.2300000000E+02
   0.0000000000E+00    1.0000000000E+00
[rows 368 to 390 of 523, columns 416 to 467 of 523]
7.359800E-02 5.371720E-02 4.622809E-02 6.367384E-02 7.541069E-02 6.564471E-02 9.383962E-02 1.173396E-01 1.449842E-01 1.084455E-01 1.099376E-01 1.291621E-01 1.598939E-01 1.903734E-01 2.252509E-01 2.870186E-01 3.432771E-01 3.662628E-01 3.921790E-01 3.485897E-01 3.417570E-01 2.921570E-01 3.143835E-01 2.658041E-01 2.290075E-01 1.743832E-01 1.715038E-01 1.692644E-01 1.472928E-01 1.293024E-01 9.435598E-02 1.437224E-01 1.771975E-01 2.364797E-01 2.137445E-01 1.941296E-01 2.160090E-01 1.728665E-01 1.472838E-01 1.577653E-01 1.091521E-01 8.196130E-02 5.220447E-02 4.888051E-02 6.857645E-02 6.070125E-02 6.077899E-02 7.282241E-02 5.069985E-02 3.987106E-02 3.846599E-02 5.861260E-02
6.083053E-02 4.437102E-02 3.713985E-02 5.117135E-02 6.103891E-02 5.262582E-02 7.421007E-02 9.493027E-02 1.125580E-01 8.433504E-02 8.507553E-02 1.018642E-01 1.266730E-01 1.439027E-01 1.614451E-01 1.994296E-01 2.267438E-01 2.391420E-01 2.568687E-01 2.336170E-01 2.311656E-01 1.926060E-01 2.052655E-01 1.736786E-01 1.496481E-01 1.139144E-01 1.128157E-01 1.129897E-01 1.007138E-01 8.878040E-02 6.754747E-02 1.014170E-01 1.186939E-01 1.567686E-01 1.433555E-01 1.311536E-01 1.479048E-01 1.229629E-01 1.038677E-01 1.158897E-01 8.257335E-02 6.234353E-02 4.134285E-02 3.820304E-02 5.307109E-02 4.653154E-02 4.580035E-02 5.398983E-02 3.811196E-02 3.026104E-02 2.887773E-02 4.309586E-02
4.978051E-02 3.639945E-02 2.998685E-02 4.122816E-02 4.931718E-02 4.232772E-02 5.903182E-02 7.631633E-02 8.822009E-02 6.636459E-02 6.675672E-02 8.063314E-02 1.002395E-01 1.108789E-01 1.210944E-01 1.473754E-01 1.646404E-01 1.735914E-01 1.862636E-01 1.702988E-01 1.690162E-01 1.398073E-01 1.490294E-01 1.259740E-01 1.085399E-01 8.263548E-02 8.186464E-02 8.236577E-02 7.414695E-02 6.550325E-02 5.090405E-02 7.574543E-02 8.662769E-02 1.139781E-01 1.046430E-01 9.601653E-02 1.088218E-01 9.208989E-02 7.754479E-02 8.820283E-02 6.400134E-02 4.856849E-02 3.306627E-02 3.032864E-02 4.180129E-02 3.647885E-02 3.555721E-02 4.149857E-02 2.957386E-02 2.363768E-02 2.241809E-02 3.300806E-02
4.467470E-02 3.276487E-02 2.670426E-02 3.661922E-02 4.386154E-02 3.754608E-02 5.187951E-02 6.749141E-02 7.656755E-02 5.784182E-02 5.806195E-02 7.051195E-02 8.753079E-02 9.494566E-02 1.015873E-01 1.220723E-01 1.338621E-01 1.401848E-01 1.508274E-01 1.391989E-01 1.385940E-01 1.136143E-01 1.203278E-01 1.018509E-01 8.776516E-02 6.679486E-02 6.649867E-02 6.738111E-02 6.129875E-02 5.427285E-02 4.296903E-02 6.341326E-02 7.096551E-02 9.289079E-02 8.572161E-02 7.891186E-02 8.985460E-02 7.723083E-02 6.489458E-02 7.491748E-02 5.517411E-02 4.206821E-02 2.923618E-02 2.667671E-02 3.651991E-02 3.177224E-02 3.074544E-02 3.559619E-02 2.557363E-02 2.055383E-02 1.940364E-02 2.825042E-02
2.243263E-01 1.974385E-01 1.489517E-01 1.743595E-01 1.953449E-01 1.733967E-01 1.764935E-01 2.115071E-01 1.664380E-01 1.624412E-01 1.575313E-01 1.819880E-01 1.864947E-01 1.430405E-01 1.054113E-01 8.881070E-02 6.106168E-02 4.858984E-02 5.638702E-02 7.078755E-02 7.579326E-02 5.613679E-02 4.456982E-02 4.388071E-02 4.065257E-02 3.389739E-02 4.191770E-02 5.262121E-02 6.489152E-02 6.398976E-02 8.241118E-02 8.556113E-02 5.610656E-02 5.569176E-02 6.150340E-02 6.406721E-02 7.524341E-02 9.592550E-02 8.581404E-02 1.181965E-01 1.342269E-01 1.275800E-01 1.424350E-01 1.242053E-01 1.356052E-01 1.190971E-01 1.037731E-01 9.894668E-02 9.233753E-02 8.690289E-02 7.741011E-02 8.264919E-02
1.881829E-01 1.520610E-01 1.152176E-01 1.447628E-01 1.684986E-01 1.454824E-01 1.657294E-01 2.112351E-01 1.808690E-01 1.611234E-01 1.573610E-01 1.895585E-01 2.089088E-01 1.698167E-01 1.319130E-01 1.182805E-01 8.592455E-02 7.052070E-02 8.176077E-02 9.902116E-02 1.052909E-01 7.713275E-02 6.348683E-02 6.068134E-02 5.512125E-02 4.458917E-02 5.347248E-02 6.519141E-02 7.624800E-02 7.311184E-02 8.472092E-02 9.722902E-02 6.970052E-02 7.347497E-02 7.876271E-02 8.009367E-02 9.498973E-02 1.129853E-01 9.807234E-02 1.340725E-01 1.358236E-01 1.195030E-01 1.150718E-01 1.007802E-01 1.196034E-01 1.034274E-01 9.207870E-02 9.283008E-02 7.949769E-02 7.096353E-02 6.390046E-02 7.521276E-02
9.766377E-02 7.366116E-02 5.754760E-02 7.686242E-02 9.182347E-02 7.818275E-02 1.008527E-01 1.331815E-01 1.336584E-01 1.062794E-01 1.053018E-01 1.299644E-01 1.564134E-01 1.477000E-01 1.336267E-01 1.390263E-01 1.199084E-01 1.082981E-01 1.232607E-01 1.336895E-01 1.386126E-01 1.032979E-01 9.426377E-02 8.459085E-02 7.425019E-02 5.734855E-02 6.354457E-02 7.162696E-02 7.436813E-02 6.807731E-02 6.476844E-02 8.648434E-02 7.643144E-02 9.057926E-02 9.049543E-02 8.747384E-02 1.033944E-01 1.048137E-01 8.801343E-02 1.129543E-01 9.497348E-02 7.607462E-02 6.056333E-02 5.397603E-02 7.011571E-02 6.035194E-02 5.598261E-02 6.104721E-02 4.699490E-02 3.939994E-02 3.626547E-02 4.832150E-02
3.731849E-02 2.750332E-02 2.215259E-02 3.025190E-02 3.626313E-02 3.096742E-02 4.228599E-02 5.532854E-02 6.144813E-02 4.669169E-02 4.676095E-02 5.707659E-02 7.066060E-02 7.504346E-02 7.862697E-02 9.329980E-02 1.006877E-01 1.049838E-01 1.131197E-01 1.051372E-01 1.049608E-01 8.543410E-02 9.010714E-02 7.632326E-02 6.577353E-02 5.004883E-02 4.999996E-02 5.096641E-02 4.682453E-02 4.155349E-02 3.354048E-02 4.904087E-02 5.374126E-02 7.001856E-02 6.490273E-02 5.992727E-02 6.851874E-02 5.980342E-02 5.016451E-02 5.877255E-02 4.401614E-02 3.376504E-02 2.404521E-02 2.181575E-02 2.960802E-02 2.568099E-02 2.465212E-02 2.827959E-02 2.051622E-02 1.660072E-02 1.559200E-02 2.240099E-02
5.701326E-02 4.232360E-02 3.365990E-02 4.564662E-02 5.470764E-02 4.661968E-02 6.244453E-02 8.220308E-02 8.804184E-02 6.781306E-02 6.763996E-02 8.310317E-02 1.021238E-01 1.039127E-01 1.029750E-01 1.164755E-01 1.147257E-01 1.124914E-01 1.245090E-01 1.233781E-01 1.251439E-01 9.748308E-02 9.668827E-02 8.361569E-02 7.237235E-02 5.511183E-02 5.755149E-02 6.121773E-02 5.905596E-02 5.297141E-02 4.553746E-02 6.456173E-02 6.493682E-02 8.178927E-02 7.809087E-02 7.335569E-02 8.527485E-02 7.881223E-02 6.593095E-02 8.027325E-02 6.259833E-02 4.869293E-02 3.611502E-02 3.252395E-02 4.347995E-02 3.756439E-02 3.557126E-02 4.004803E-02 2.966758E-02 2.431465E-02 2.264800E-02 3.165468E-02
2.376077E-02 1.744212E-02 1.418650E-02 1.944785E-02 2.329600E-02 1.993837E-02 2.755721E-02 3.583758E-02 4.079020E-02 3.077169E-02 3.090692E-02 3.748606E-02 4.655228E-02 5.091979E-02 5.554124E-02 6.809339E-02 7.889228E-02 8.656673E-02 9.085441E-02 8.028960E-02 7.914393E-02 6.722300E-02 7.463747E-02 6.241283E-02 5.381118E-02 4.120019E-02 3.958860E-02 3.890167E-02 3.438376E-02 3.030542E-02 2.332517E-02 3.477763E-02 4.077366E-02 5.432003E-02 4.921796E-02 4.488565E-02 5.049652E-02 4.224905E-02 3.560923E-02 4.042106E-02 2.947111E-02 2.242238E-02 1.552419E-02 1.416775E-02 1.941518E-02 1.690292E-02 1.639713E-02 1.906319E-02 1.363786E-02 1.093877E-02 1.034301E-02 1.515003E-02
1.414044E-02 1.034951E-02 8.502388E-03 1.168781E-02 1.398242E-02 1.199914E-02 1.675224E-02 2.163515E-02 2.516107E-02 1.889134E-02 1.902498E-02 2.291285E-02 2.849255E-02 3.197342E-02 3.611958E-02 4.544795E-02 5.598193E-02 6.425167E-02 6.567976E-02 5.561999E-02 5.421931E-02 4.809678E-02 5.591359E-02 4.642191E-02 4.019773E-02 3.115830E-02 2.883205E-02 2.734912E-02 2.333646E-02 2.046773E-02 1.509270E-02 2.283480E-02 2.847749E-02 3.854178E-02 3.424446E-02 3.091757E-02 3.419007E-02 2.757873E-02 2.339593E-02 2.575416E-02 1.836605E-02 1.388916E-02 9.375290E-03 8.607612E-03 1.189139E-02 1.039612E-02 1.018912E-02 1.198947E-02 8.476806E-03 6.747168E-03 6.423202E-03 9.571118E-03
7.064418E-03 5.159987E-03 4.282498E-03 5.897369E-03 7.042425E-03 6.062020E-03 8.534718E-03 1.093847E-02 1.296814E-02 9.709403E-03 9.802516E-03 1.171572E-02 1.456852E-02 1.672387E-02 1.949422E-02 2.504855E-02 3.254657E-02 3.884944E-02 3.869478E-02 3.161485E-02 3.051680E-02 2.829113E-02 3.426680E-02 2.839925E-02 2.479267E-02 1.958350E-02 1.745622E-02 1.598946E-02 1.320095E-02 1.154040E-02 8.177279E-03 1.250413E-02 1.652848E-02 2.259688E-02 1.973799E-02 1.767517E-02 1.919005E-02 1.498540E-02 1.281616E-02 1.368279E-02 9.577240E-03 7.211856E-03 4.756268E-03 4.393927E-03 6.111230E-03 5.367877E-03 5.315353E-03 6.324632E-03 4.427044E-03 3.499825E-03 3.355488E-03 5.078064E-03
3.811143E-03 2.780906E-03 2.326295E-03 3.205852E-03 3.821907E-03 3.298200E-03 4.668276E-03 5.946676E-03 7.142449E-03 5.342285E-03 5.402943E-03 6.418907E-03 7.976142E-03 9.295487E-03 1.106018E-02 1.438587E-02 1.931475E-02 2.360100E-02 2.310732E-02 1.848928E-02 1.773825E-02 1.695423E-02 2.105303E-02 1.748116E-02 1.537989E-02 1.235467E-02 1.073927E-02 9.605520E-03 7.760855E-03 6.775834E-03 4.675786E-03 7.187066E-03 9.875254E-03 1.355011E-02 1.171462E-02 1.044223E-02 1.118521E-02 8.556703E-03 7.367175E-03 7.695538E-03 5.324498E-03 4.001104E-03 2.597022E-03 2.410617E-03 3.366803E-03 2.968471E-03 2.961786E-03 3.550972E-03 2.470180E-03 1.944165E-03 1.874105E-03 2.865379E-03
0.000000E+00 0.000000E+00 0.000000E+00 0.000000E+00 0.000000E+00 0.000000E+00 0.000000E+00 0.000000E+00 0.000000E+00 0.000000E+00 0.000000E+00 0.000000E+00 0.000000E+00 0.000000E+00 0.000000E+00 0.000000E+00 0.000000E+00 0.000000E+00 0.000000E+00 0.000000E+00 0.000000E+00 0.000000E+00 0.000000E+00 0.000000E+00 0.000000E+00 0.000000E+00 0.000000E+00 0.000000E+00 0.000000E+00 0.000000E+00 0.000000E+00 0.000000E+00 0.000000E+00 0.000000E+00 0.000000E+00 0.000000E+00 0.000000E+00 0.000000E+00 0.000000E+00 0.000000E+00 0.000000E+00 0.000000E+00 0.000000E+00 0.000000E+00 0.000000E+00 0.000000E+00 0.000000E+00 0.000000E+00 0.000000E+00 0.000000E+00 0.000000E+00 0.000000E+00
0.000000E+00 0.000000E+00 0.000000E+00 0.000000E+00 0.000000E+00 0.000000E+00 0.000000E+00 0.000000E+00 0.000000E+00 0.000000E+00 0.000000E+00 0.000000E+00 0.000000E+00 0.000000E+00 0.000000E+00 0.000000E+00 0.000000E+00 0.000000E+00 0.000000E+00 0.000000E+00 0.000000E+00 0.000000E+00 0.000000E+00 0.000000E+00 0.000000E+00 0.000000E+00 0.000000E+00 0.000000E+00 0.000000E+00 0.000000E+00 0.000000E+00 0.000000E+00 0.000000E+00 0.000000E+00 0.000000E+00 0.000000E+00 0.000000E+00 0.000000E+00 0.000000E+00 0.000000E+00 0.000000E+00 0.000000E+00 0.000000E+00 0.000000E+00 0.000000E+00 0.000000E+00 0.000000E+00 0.000000E+00 0.000000E+00 0.000000E+00 0.000000E+00 0.000000E+00
0.000000E+00 0.000000E+00 0.000000E+00 0.000000E+00 0.000000E+00 0.000000E+00 0.000000E+00 0.000000E+00 0.000000E+00 0.000000E+00 0.000000E+00 0.000000E+00 0.000000E+00 0.000000E+00 0.000000E+00 0.000000E+00 0.000000E+00 0.000000E+00 0.000000E+00 0.000000E+00 0.000000E+00 0.000000E+00 0.000000E+00 0.000000E+00 0.000000E+00 0.000000E+00 0.000000E+00 0.000000E+00 0.000000E+00 0.000000E+00 0.000000E+00 0.000000E+00 0.000000E+00 0.000000E+00 0.000000E+00 0.000000E+00 0.000000E+00 0.000000E+00 0.000000E+00 0.000000E+00 0.000000E+00 0.000000E+00 0.000000E+00 0.000000E+00 0.000000E+00 0.000000E+00 0.000000E+00 0.000000E+00 0.000000E+00 0.000000E+00 0.000000E+00 0.000000E+00
0.000000E+00 0.000000E+00 0.000000E+00 0.000000E+00 0.000000E+00 0.000000E+00 0.000000E+00 0.000000E+00 0.000000E+00 0.000000E+00 0.000000E+00 0.000000E+00 0.000000E+00 0.000000E+00 0.000000E+00 0.000000E+00 0.000000E+00 0.000000E+00 0.000000E+00 0.000000E+00 0.000000E+00 0.000000E+00 0.000000E+00 0.000000E+00 0.000000E+00 0.000000E+00 0.000000E+00 0.000000E+00 0.000000E+00 0.000000E+00 0.000000E+00 0.000000E+00 0.000000E+00 0.000000E+00 0.000000E+00 0.000000E+00 0.000000E+00 0.000000E+00 0.000000E+00 0.000000E+00 0.000000E+00 0.000000E+00 0.000000E+00 0.000000E+00 0.000000E+00 0.000000E+00 0.000000E+00 0.000000E+00 0.000000E+00 0.000000E+00 0.000000E+00 0.000000E+00
0.000000E+00 0.000000E+00 0.000000E+00 0.000000E+00 0.000000E+00 0.000000E+00 0.000000E+00 0.000000E+00 0.000000E+00 0.000000E+00 0.000000E+00 0.000000E+00 0.000000E+00 0.000000E+00 0.000000E+00 0.000000E+00 0.000000E+00 0.000000E+00 0.000000E+00 0.000000E+00 0.000000E+00 0.000000E+00 0.000000E+00 0.000000E+00 0.000000E+00 0.000000E+00 0.000000E+00 0.000000E+00 0.000000E+00 0.000000E+00 0.000000E+00 0.000000E+00 0.000000E+00 0.000000E+00 0.000000E+00 0.000000E+00 0.000000E+00 0.000000E+00 0.000000E+00 0.000000E+00 0.000000E+00 0.000000E+00 0.000000E+00 0.000000E+00 0.000000E+00 0.000000E+00 0.000000E+00 0.000000E+00 0.000000E+00 0.000000E+00 0.000000E+00 0.000000E+00
0.000000E+00 0.000000E+00 0.000000E+00 0.000000E+00 0.000000E+00 0.000000E+00 0.000000E+00 0.000000E+00 0.000000E+00 0.000000E+00 0.000000E+00 0.000000E+00 0.000000E+00 0.000000E+00 0.000000E+00 0.000000E+00 0.000000E+00 0.000000E+00 0.000000E+00 0.000000E+00 0.000000E+00 0.000000E+00 0.000000E+00 0.000000E+00 0.000000E+00 0.000000E+00 0.000000E+00 0.000000E+00 0.000000E+00 0.000000E+00 0.000000E+00 0.000000E+00 0.000000E+00 0.000000E+00 0.000000E+00 0.000000E+00 0.000000E+00 0.000000E+00 0.000000E+00 0.000000E+00 0.000000E+00 0.000000E+00 0.000000E+00 0.000000E+00 0.000000E+00 0.000000E+00 0.000000E+00 0.000000E+00 0.000000E+00 0.000000E+00 0.000000E+00 0.000000E+00
0.000000E+00 0.000000E+00 0.000000E+00 0.000000E+00 0.000000E+00 0.000000E+00 0.000000E+00 0.000000E+00 0.000000E+00 0.000000E+00 0.000000E+00 0.000000E+00 0.000000E+00 0.000000E+00 0.000000E+00 0.000000E+00 0.000000E+00 0.000000E+00 0.000000E+00 0.000000E+00 0.000000E+00 0.000000E+00 0.000000E+00 0.000000E+00 0.000000E+00 0.000000E+00 0.000000E+00 0.000000E+00 0.000000E+00 0.000000E+00 0.000000E+00 0.000000E+00 0.000000E+00 0.000000E+00 0.000000E+00 0.000000E+00 0.000000E+00 0.000000E+00 0.000000E+00 0.000000E+00 0.000000E+00 0.000000E+00 0.000000E+00 0.000000E+00 0.000000E+00 0.000000E+00 0.000000E+00 0.000000E+00 0.000000E+00 0.000000E+00 0.000000E+00 0.000000E+00
0.000000E+00 0.000000E+00 0.000000E+00 0.000000E+00 0.000000E+00 0.000000E+00 0.000000E+00 0.000000E+00 0.000000E+00 0.000000E+00 0.000000E+00 0.000000E+00 0.000000E+00 0.000000E+00 0.000000E+00 0.000000E+00 0.000000E+00 0.000000E+00 0.000000E+00 0.000000E+00 0.000000E+00 0.000000E+00 0.000000E+00 0.000000E+00 0.000000E+00 0.000000E+00 0.000000E+00 0.000000E+00 0.000000E+00 0.000000E+00 0.000000E+00 0.000000E+00 0.000000E+00 0.000000E+00 0.000000E+00 0.000000E+00 0.000000E+00 0.000000E+00 0.000000E+00 0.000000E+00 0.000000E+00 0.000000E+00 0.000000E+00 0.000000E+00 0.000000E+00 0.000000E+00 0.000000E+00 0.000000E+00 0.000000E+00 0.000000E+00 0.000000E+00 0.000000E+00
0.000000E+00 0.000000E+00 0.000000E+00 0.000000E+00 0.000000E+00 0.000000E+00 0.000000E+00 0.000000E+00 0.000000E+00 0.000000E+00 0.000000E+00 0.000000E+00 0.000000E+00 0.000000E+00 0.000000E+00 0.000000E+00 0.000000E+00 0.000000E+00 0.000000E+00 0.000000E+00 0.000000E+00 0.000000E+00 0.000000E+00 0.000000E+00 0.000000E+00 0.000000E+00 0.000000E+00 0.000000E+00 0.000000E+00 0.000000E+00 0.000000E+00 0.000000E+00 0.000000E+00 0.000000E+00 0.000000E+00 0.000000E+00 0.000000E+00 0.000000E+00 0.000000E+00 0.000000E+00 0.000000E+00 0.000000E+00 0.000000E+00 0.000000E+00 0.000000E+00 0.000000E+00 0.000000E+00 0.000000E+00 0.000000E+00 0.000000E+00 0.000000E+00 0.000000E+00
0.000000E+00 0.000000E+00 0.000000E+00 0.000000E+00 0.000000E+00 0.000000E+00 0.000000E+00 0.000000E+00 0.000000E+00 0.000000E+00 0.000000E+00 0.000000E+00 0.000000E+00 0.000000E+00 0.000000E+00 0.000000E+00 0.000000E+00 0.000000E+00 0.000000E+00 0.000000E+00 0.000000E+00 0.000000E+00 0.000000E+00 0.000000E+00 0.000000E+00 0.000000E+00 0.000000E+00 0.000000E+00 0.000000E+00 0.000000E+00 0.000000E+00 0.000000E+00 0.000000E+00 0.000000E+00 0.000000E+00 0.000000E+00 0.000000E+00 0.000000E+00 0.000000E+00 0.000000E+00 0.000000E+00 0.000000E+00 0.000000E+00 0.000000E+00 0.000000E+00 0.000000E+00 0.000000E+00 0.000000E+00 0.000000E+00 0.000000E+00 0.000000E+00 0.000000E+00
