tutorials/parameterisation/ppcov_covariance_matrices/completed/t1-ppcov/cov1.grd
DSAA
   523   523
   1.0000000000E+00    5.2300000000E+02
   1.0000000000E+00    5.2300000000E+02
   0.0000000000E+00    1.0000000000E+00
[rows 460 to 482 of 523, columns 312 to 363 of 523]
5.549672E-02 6.170239E-02 7.231814E-02 8.630612E-02 9.117431E-02 9.943924E-02 1.198734E-01 1.438414E-01 1.273990E-01 1.398372E-01 1.425001E-01 1.480100E-01 1.367250E-01 1.563988E-01 1.130584E-01 1.337457E-01 1.424452E-01 1.021626E-01 1.016698E-01 1.373464E-01 1.611682E-01 1.734510E-01 1.956303E-01 2.240869E-01 2.024688E-01 2.454847E-01 2.123699E-01 1.979973E-01 2.529579E-01 2.199740E-01 3.000387E-01 2.497357E-01 3.007222E-01 4.178994E-01 5.213758E-01 3.457193E-01 3.867326E-01 2.952818E-01 2.615487E-01 3.131918E-01 3.523349E-01 2.546306E-01 2.960892E-01 3.840705E-01 3.600622E-01 3.791357E-01 4.185248E-01 3.569127E-01 3.810964E-01 2.844139E-01 2.582898E-01 3.090120E-01
7.270270E-02 8.091597E-02 9.481558E-02 1.130038E-01 1.191406E-01 1.294628E-01 1.564225E-01 1.867579E-01 1.645412E-01 1.795326E-01 1.813609E-01 1.859620E-01 1.700236E-01 2.046691E-01 1.481905E-01 1.752815E-01 1.867200E-01 1.339805E-01 1.332892E-01 1.798964E-01 2.103127E-01 2.254237E-01 2.557442E-01 2.937605E-01 2.652555E-01 3.218345E-01 2.772597E-01 2.573659E-01 3.288577E-01 2.829523E-01 3.853297E-01 3.232086E-01 3.898945E-01 5.371014E-01 6.784471E-01 4.533636E-01 5.017134E-01 3.848667E-01 3.349313E-01 4.005443E-01 4.431919E-01 3.202184E-01 3.635516E-01 4.673053E-01 4.261630E-01 4.284815E-01 4.505823E-01 3.717198E-01 3.649941E-01 2.528071E-01 2.410536E-01 2.734185E-01
8.835669E-02 9.998275E-02 1.159982E-01 1.367053E-01 1.426839E-01 1.528901E-01 1.860046E-01 2.180729E-01 1.896234E-01 2.038012E-01 2.020974E-01 2.022589E-01 1.820345E-01 2.461025E-01 1.805258E-01 2.130921E-01 2.273715E-01 1.647476E-01 1.652996E-01 2.243562E-01 2.651845E-01 2.860082E-01 3.209915E-01 3.635762E-01 3.206257E-01 3.909717E-01 3.285797E-01 3.004225E-01 3.823130E-01 3.202226E-01 4.302171E-01 3.706076E-01 4.469511E-01 5.874140E-01 7.460019E-01 5.503520E-01 6.376737E-01 4.859510E-01 4.288902E-01 5.131177E-01 5.669333E-01 4.099610E-01 4.611212E-01 5.869750E-01 5.259339E-01 5.083919E-01 5.093075E-01 4.133486E-01 3.764538E-01 2.474070E-01 2.473838E-01 2.656920E-01
7.784263E-02 9.023278E-02 1.029601E-01 1.193680E-01 1.230803E-01 1.299353E-01 1.588607E-01 1.828698E-01 1.576159E-01 1.675745E-01 1.644323E-01 1.627352E-01 1.456844E-01 2.119677E-01 1.586454E-01 1.863815E-01 1.991268E-01 1.469010E-01 1.495029E-01 2.043013E-01 2.469942E-01 2.711068E-01 2.943009E-01 3.231098E-01 2.765011E-01 3.374704E-01 2.774092E-01 2.507751E-01 3.166580E-01 2.615172E-01 3.472030E-01 3.043053E-01 3.653529E-01 4.671844E-01 5.893512E-01 4.675298E-01 5.835239E-01 4.453692E-01 4.232372E-01 5.047661E-01 5.823345E-01 4.246673E-01 5.017787E-01 6.515825E-01 6.106917E-01 6.222686E-01 6.423654E-01 5.229078E-01 4.753804E-01 3.084764E-01 3.127869E-01 3.300728E-01
1.549211E-01 1.672477E-01 1.996591E-01 2.414817E-01 2.569579E-01 2.809924E-01 3.384865E-01 4.055848E-01 3.558032E-01 3.840545E-01 3.798277E-01 3.746600E-01 3.329159E-01 4.376290E-01 3.126017E-01 3.699268E-01 3.923648E-01 2.779599E-01 2.704554E-01 3.541422E-01 3.878063E-01 3.943590E-01 4.747004E-01 5.722775E-01 5.585117E-01 6.598781E-01 5.984710E-01 5.589940E-01 7.142662E-01 6.032299E-01 7.958575E-01 6.980144E-01 8.423436E-01 8.189988E-01 6.783494E-01 8.190773E-01 6.368780E-01 6.190314E-01 4.737115E-01 5.217947E-01 4.911984E-01 4.071193E-01 3.912282E-01 4.310761E-01 3.725084E-01 3.261172E-01 3.010287E-01 2.446047E-01 2.078240E-01 1.335248E-01 1.377585E-01 1.428176E-01
1.046618E-01 1.163820E-01 1.365363E-01 1.625999E-01 1.710438E-01 1.849236E-01 2.241007E-01 2.654321E-01 2.319978E-01 2.505318E-01 2.493561E-01 2.500532E-01 2.250071E-01 2.942748E-01 2.133927E-01 2.523865E-01 2.688788E-01 1.928405E-01 1.914341E-01 2.575475E-01 2.979568E-01 3.160284E-01 3.637835E-01 4.215596E-01 3.818227E-01 4.634538E-01 3.971249E-01 3.659903E-01 4.670147E-01 3.943140E-01 5.314386E-01 4.549845E-01 5.492703E-01 7.251095E-01 9.053887E-01 6.526715E-01 6.847690E-01 5.403458E-01 4.494598E-01 5.310832E-01 5.574177E-01 4.125706E-01 4.409936E-01 5.391406E-01 4.718053E-01 4.374068E-01 4.245697E-01 3.436758E-01 3.061851E-01 2.002195E-01 2.014343E-01 2.149367E-01
1.161265E-01 1.306026E-01 1.521958E-01 1.798442E-01 1.878405E-01 2.010545E-01 2.447773E-01 2.859109E-01 2.476521E-01 2.643934E-01 2.596685E-01 2.559616E-01 2.281224E-01 3.239828E-01 2.372096E-01 2.801625E-01 2.988433E-01 2.157770E-01 2.154830E-01 2.912143E-01 3.395770E-01 3.616205E-01 4.136885E-01 4.749003E-01 4.220172E-01 5.144166E-01 4.318701E-01 3.933667E-01 4.988444E-01 4.130304E-01 5.456911E-01 4.804760E-01 5.769766E-01 7.082611E-01 8.119684E-01 7.245198E-01 7.853509E-01 6.186606E-01 5.156984E-01 6.077915E-01 6.284370E-01 4.706446E-01 4.948840E-01 5.900131E-01 5.121146E-01 4.624083E-01 4.361824E-01 3.534469E-01 3.042254E-01 1.955532E-01 2.013042E-01 2.090485E-01
2.602399E-02 2.669470E-02 3.250206E-02 4.026108E-02 4.411644E-02 5.042603E-02 5.819956E-02 7.294998E-02 6.872437E-02 7.844915E-02 8.496268E-02 9.533653E-02 9.472220E-02 7.104394E-02 5.035134E-02 5.926932E-02 6.241754E-02 4.409637E-02 4.232458E-02 5.496762E-02 6.100266E-02 6.351347E-02 7.481735E-02 8.924147E-02 8.783713E-02 1.024271E-01 9.718711E-02 9.588125E-02 1.183623E-01 1.143720E-01 1.486806E-01 1.215766E-01 1.398288E-01 1.893953E-01 2.079914E-01 1.371651E-01 1.357858E-01 1.077498E-01 8.921062E-02 1.060580E-01 1.154241E-01 8.360311E-02 9.436754E-02 1.216458E-01 1.124720E-01 1.179133E-01 1.315988E-01 1.149866E-01 1.330784E-01 1.188559E-01 9.817046E-02 1.288485E-01
3.504357E-02 3.525142E-02 4.323645E-02 5.387745E-02 5.943285E-02 6.844418E-02 7.811461E-02 9.836440E-02 9.386751E-02 1.076032E-01 1.174905E-01 1.329909E-01 1.333304E-01 9.352328E-02 6.641086E-02 7.784041E-02 8.164939E-02 5.781533E-02 5.496971E-02 7.021616E-02 7.627448E-02 7.832010E-02 9.346060E-02 1.124796E-01 1.136229E-01 1.303819E-01 1.270824E-01 1.271237E-01 1.545191E-01 1.530999E-01 1.946910E-01 1.600447E-01 1.808786E-01 2.385209E-01 2.501397E-01 1.697376E-01 1.605057E-01 1.307292E-01 1.055062E-01 1.242990E-01 1.321698E-01 9.671635E-02 1.061489E-01 1.350717E-01 1.224857E-01 1.244871E-01 1.352073E-01 1.150935E-01 1.268393E-01 1.052373E-01 8.964749E-02 1.144208E-01
2.891239E-02 2.922934E-02 3.578229E-02 4.452510E-02 4.903900E-02 5.638410E-02 6.451976E-02 8.116630E-02 7.724101E-02 8.848114E-02 9.649507E-02 1.091340E-01 1.093964E-01 7.766468E-02 5.510384E-02 6.467549E-02 6.792419E-02 4.805059E-02 4.581584E-02 5.885361E-02 6.442297E-02 6.649636E-02 7.898860E-02 9.478153E-02 9.489232E-02 1.095087E-01 1.057838E-01 1.053825E-01 1.287252E-01 1.266088E-01 1.621030E-01 1.329911E-01 1.511810E-01 2.014386E-01 2.152252E-01 1.441487E-01 1.388409E-01 1.118089E-01 9.113691E-02 1.078259E-01 1.158339E-01 8.431331E-02 9.370853E-02 1.200345E-01 1.097935E-01 1.132497E-01 1.246867E-01 1.074686E-01 1.215140E-01 1.048856E-01 8.778485E-02 1.138795E-01
3.190445E-02 3.261306E-02 3.976789E-02 4.931640E-02 5.409578E-02 6.189301E-02 7.133261E-02 8.947770E-02 8.440717E-02 9.637901E-02 1.044027E-01 1.171060E-01 1.162031E-01 8.678261E-02 6.151674E-02 7.235497E-02 7.613507E-02 5.380267E-02 5.152685E-02 6.664788E-02 7.351845E-02 7.621566E-02 9.016588E-02 1.078615E-01 1.068969E-01 1.241663E-01 1.185819E-01 1.173108E-01 1.444007E-01 1.401753E-01 1.815629E-01 1.485824E-01 1.702810E-01 2.292437E-01 2.483037E-01 1.650196E-01 1.608392E-01 1.287269E-01 1.055707E-01 1.251350E-01 1.349896E-01 9.808906E-02 1.094939E-01 1.404794E-01 1.287481E-01 1.330795E-01 1.466376E-01 1.263752E-01 1.425343E-01 1.218476E-01 1.024887E-01 1.323648E-01
0.000000E+00 0.000000E+00 0.000000E+00 0.000000E+00 0.000000E+00 0.000000E+00 0.000000E+00 0.000000E+00 0.000000E+00 0.000000E+00 0.000000E+00 0.000000E+00 0.000000E+00 0.000000E+00 0.000000E+00 0.000000E+00 0.000000E+00 0.000000E+00 0.000000E+00 0.000000E+00 0.000000E+00 0.000000E+00 0.000000E+00 0.000000E+00 0.000000E+00 0.000000E+00 0.000000E+00 0.000000E+00 0.000000E+00 0.000000E+00 0.000000E+00 0.000000E+00 0.000000E+00 0.000000E+00 0.000000E+00 0.000000E+00 0.000000E+00 0.000000E+00 0.000000E+00 0.000000E+00 0.000000E+00 0.000000E+00 0.000000E+00 0.000000E+00 0.000000E+00 0.000000E+00 0.000000E+00 0.000000E+00 0.000000E+00 0.000000E+00 0.000000E+00 0.000000E+00
0.000000E+00 0.000000E+00 0.000000E+00 0.000000E+00 0.000000E+00 0.000000E+00 0.000000E+00 0.000000E+00 0.000000E+00 0.000000E+00 0.000000E+00 0.000000E+00 0.000000E+00 0.000000E+00 0.000000E+00 0.000000E+00 0.000000E+00 0.000000E+00 0.000000E+00 0.000000E+00 0.000000E+00 0.000000E+00 0.000000E+00 0.000000E+00 0.000000E+00 0.000000E+00 0.000000E+00 0.000000E+00 0.000000E+00 0.000000E+00 0.000000E+00 0.000000E+00 0.000000E+00 0.000000E+00 0.000000E+00 0.000000E+00 0.000000E+00 0.000000E+00 0.000000E+00 0.000000E+00 0.000000E+00 0.000000E+00 0.000000E+00 0.000000E+00 0.000000E+00 0.000000E+00 0.000000E+00 0.000000E+00 0.000000E+00 0.000000E+00 0.000000E+00 0.000000E+00
0.000000E+00 0.000000E+00 0.000000E+00 0.000000E+00 0.000000E+00 0.000000E+00 0.000000E+00 0.000000E+00 0.000000E+00 0.000000E+00 0.000000E+00 0.000000E+00 0.000000E+00 0.000000E+00 0.000000E+00 0.000000E+00 0.000000E+00 0.000000E+00 0.000000E+00 0.000000E+00 0.000000E+00 0.000000E+00 0.000000E+00 0.000000E+00 0.000000E+00 0.000000E+00 0.000000E+00 0.000000E+00 0.000000E+00 0.000000E+00 0.000000E+00 0.000000E+00 0.000000E+00 0.000000E+00 0.000000E+00 0.000000E+00 0.000000E+00 0.000000E+00 0.000000E+00 0.000000E+00 0.000000E+00 0.000000E+00 0.000000E+00 0.000000E+00 0.000000E+00 0.000000E+00 0.000000E+00 0.000000E+00 0.000000E+00 0.000000E+00 0.000000E+00 0.000000E+00
9.365200E-02 7.506136E-02 9.280135E-02 1.129338E-01 1.287822E-01 1.512605E-01 1.397361E-01 1.596629E-01 1.841347E-01 2.008868E-01 2.272180E-01 2.590990E-01 3.006489E-01 1.221851E-01 1.074178E-01 1.108325E-01 1.088838E-01 9.404197E-02 8.327189E-02 8.168405E-02 7.152234E-02 6.530371E-02 7.845494E-02 9.068973E-02 1.116517E-01 1.027251E-01 1.263769E-01 1.430690E-01 1.298667E-01 1.608242E-01 1.361379E-01 1.396078E-01 1.239839E-01 1.078062E-01 8.625191E-02 9.170930E-02 6.952971E-02 7.439128E-02 5.772999E-02 5.938841E-02 5.402335E-02 4.841356E-02 4.377506E-02 4.694203E-02 4.056774E-02 3.566045E-02 3.357634E-02 2.718137E-02 2.430175E-02 1.639906E-02 1.596222E-02 1.773230E-02
0.000000E+00 0.000000E+00 0.000000E+00 0.000000E+00 0.000000E+00 0.000000E+00 0.000000E+00 0.000000E+00 0.000000E+00 0.000000E+00 0.000000E+00 0.000000E+00 0.000000E+00 0.000000E+00 0.000000E+00 0.000000E+00 0.000000E+00 0.000000E+00 0.000000E+00 0.000000E+00 0.000000E+00 0.000000E+00 0.000000E+00 0.000000E+00 0.000000E+00 0.000000E+00 0.000000E+00 0.000000E+00 0.000000E+00 0.000000E+00 0.000000E+00 0.000000E+00 0.000000E+00 0.000000E+00 0.000000E+00 0.000000E+00 0.000000E+00 0.000000E+00 0.000000E+00 0.000000E+00 0.000000E+00 0.000000E+00 0.000000E+00 0.000000E+00 0.000000E+00 0.000000E+00 0.000000E+00 0.000000E+00 0.000000E+00 0.000000E+00 0.000000E+00 0.000000E+00
0.000000E+00 0.000000E+00 0.000000E+00 0.000000E+00 0.000000E+00 0.000000E+00 0.000000E+00 0.000000E+00 0.000000E+00 0.000000E+00 0.000000E+00 0.000000E+00 0.000000E+00 0.000000E+00 0.000000E+00 0.000000E+00 0.000000E+00 0.000000E+00 0.000000E+00 0.000000E+00 0.000000E+00 0.000000E+00 0.000000E+00 0.000000E+00 0.000000E+00 0.000000E+00 0.000000E+00 0.000000E+00 0.000000E+00 0.000000E+00 0.000000E+00 0.000000E+00 0.000000E+00 0.000000E+00 0.000000E+00 0.000000E+00 0.000000E+00 0.000000E+00 0.000000E+00 0.000000E+00 0.000000E+00 0.000000E+00 0.000000E+00 0.000000E+00 0.000000E+00 0.000000E+00 0.000000E+00 0.000000E+00 0.000000E+00 0.000000E+00 0.000000E+00 0.000000E+00
8.591680E-02 7.629222E-02 9.584533E-02 1.208304E-01 1.376428E-01 1.637903E-01 1.685388E-01 2.089712E-01 2.225464E-01 2.560020E-01 2.937145E-01 3.498325E-01 3.877731E-01 1.703519E-01 1.312195E-01 1.453538E-01 1.472432E-01 1.125277E-01 1.017944E-01 1.132793E-01 1.076596E-01 1.023221E-01 1.255063E-01 1.509409E-01 1.762576E-01 1.765793E-01 2.035610E-01 2.229541E-01 2.282581E-01 2.684743E-01 2.636971E-01 2.457237E-01 2.361294E-01 2.334526E-01 1.948971E-01 1.800876E-01 1.414316E-01 1.384508E-01 1.055591E-01 1.144620E-01 1.087058E-01 8.978123E-02 8.604282E-02 9.815240E-02 8.502878E-02 7.731818E-02 7.549425E-02 6.122820E-02 5.751009E-02 4.027665E-02 3.792710E-02 4.369148E-02
0.000000E+00 0.000000E+00 0.000000E+00 0.000000E+00 0.000000E+00 0.000000E+00 0.000000E+00 0.000000E+00 0.000000E+00 0.000000E+00 0.000000E+00 0.000000E+00 0.000000E+00 0.000000E+00 0.000000E+00 0.000000E+00 0.000000E+00 0.000000E+00 0.000000E+00 0.000000E+00 0.000000E+00 0.000000E+00 0.000000E+00 0.000000E+00 0.000000E+00 0.000000E+00 0.000000E+00 0.000000E+00 0.000000E+00 0.000000E+00 0.000000E+00 0.000000E+00 0.000000E+00 0.000000E+00 0.000000E+00 0.000000E+00 0.000000E+00 0.000000E+00 0.000000E+00 0.000000E+00 0.000000E+00 0.000000E+00 0.000000E+00 0.000000E+00 0.000000E+00 0.000000E+00 0.000000E+00 0.000000E+00 0.000000E+00 0.000000E+00 0.000000E+00 0.000000E+00
3.605263E-02 2.646662E-02 2.974768E-02 3.207376E-02 3.485023E-02 3.771637E-02 3.151490E-02 3.139647E-02 3.732191E-02 3.729004E-02 3.960923E-02 4.126409E-02 4.636137E-02 2.437093E-02 2.601795E-02 2.437054E-02 2.320441E-02 2.436171E-02 2.169783E-02 1.814440E-02 1.476254E-02 1.304826E-02 1.480666E-02 1.595721E-02 1.993824E-02 1.709481E-02 2.152383E-02 2.443057E-02 2.026918E-02 2.510333E-02 1.939169E-02 2.146286E-02 1.817071E-02 1.440049E-02 1.130183E-02 1.362015E-02 1.027587E-02 1.197545E-02 9.781516E-03 9.450492E-03 8.271554E-03 8.233142E-03 7.017402E-03 6.964866E-03 6.066910E-03 5.167400E-03 4.674923E-03 3.813940E-03 3.220579E-03 2.092962E-03 2.131182E-03 2.249630E-03
3.397061E-02 2.491349E-02 2.722941E-02 2.845122E-02 3.043427E-02 3.219360E-02 2.658013E-02 2.567750E-02 3.045907E-02 2.984515E-02 3.116122E-02 3.174140E-02 3.520052E-02 2.022562E-02 2.251715E-02 2.069080E-02 1.959926E-02 2.147701E-02 1.925693E-02 1.562856E-02 1.258232E-02 1.107431E-02 1.234069E-02 1.303512E-02 1.623285E-02 1.373617E-02 1.727257E-02 1.953062E-02 1.593409E-02 1.960235E-02 1.488243E-02 1.677629E-02 1.408248E-02 1.090607E-02 8.539059E-03 1.066899E-02 8.084861E-03 9.625985E-03 8.011541E-03 7.611235E-03 6.604314E-03 6.775514E-03 5.696569E-03 5.524500E-03 4.834802E-03 4.086365E-03 3.652492E-03 2.995150E-03 2.481607E-03 1.594239E-03 1.653086E-03 1.708260E-03
2.719807E-02 1.993947E-02 2.204911E-02 2.335960E-02 2.517228E-02 2.692380E-02 2.235150E-02 2.193894E-02 2.606365E-02 2.581256E-02 2.721960E-02 2.810273E-02 3.142569E-02 1.713949E-02 1.869063E-02 1.733266E-02 1.645896E-02 1.767214E-02 1.579374E-02 1.299327E-02 1.051088E-02 9.268786E-03 1.042597E-02 1.113119E-02 1.389165E-02 1.183759E-02 1.490123E-02 1.688889E-02 1.390831E-02 1.718368E-02 1.317909E-02 1.469413E-02 1.239503E-02 9.735783E-03 7.632617E-03 9.327313E-03 7.047555E-03 8.289954E-03 6.827217E-03 6.545887E-03 5.706883E-03 5.758094E-03 4.876269E-03 4.791076E-03 4.181138E-03 3.549176E-03 3.194872E-03 2.611472E-03 2.188575E-03 1.415912E-03 1.451581E-03 1.520271E-03
2.577539E-02 1.890724E-02 2.062076E-02 2.151677E-02 2.300992E-02 2.434224E-02 2.010236E-02 1.944681E-02 2.307345E-02 2.264329E-02 2.368459E-02 2.419688E-02 2.689173E-02 1.530424E-02 1.702357E-02 1.564515E-02 1.482129E-02 1.624097E-02 1.456507E-02 1.181559E-02 9.513006E-03 8.373219E-03 9.335114E-03 9.870124E-03 1.229501E-02 1.041336E-02 1.309712E-02 1.481524E-02 1.210612E-02 1.490682E-02 1.134163E-02 1.275484E-02 1.071705E-02 8.326849E-03 6.521257E-03 8.107388E-03 6.139911E-03 7.296197E-03 6.064521E-03 5.767746E-03 5.008000E-03 5.127433E-03 4.314079E-03 4.191446E-03 3.666448E-03 3.100942E-03 2.775171E-03 2.274286E-03 1.888560E-03 1.215098E-03 1.256815E-03 1.302657E-03
