tutorials/parameterisation/ppcov_covariance_matrices/completed/t1-ppcov/cov1.grd
DSAA
   523   523
   1.0000000000E+00    5.2300000000E+02
   1.0000000000E+00    5.2300000000E+02
   0.0000000000E+00    1.0000000000E+00
[rows 69 to 91 of 523, columns 208 to 259 of 523]
1.878127E-01 5.583195E-03 7.328212E-03 6.762427E-03 6.599975E-03 9.061063E-03 1.122883E-02 1.192928E-02 1.741745E-02 1.783720E-02 2.484085E-02 1.863132E-02 2.373042E-02 3.274132E-02 3.938030E-02 3.017747E-02 3.485826E-02 2.920681E-02 1.908805E-02 2.147873E-02 1.250311E-02 1.537326E-02 1.181680E-02 9.010144E-03 6.930491E-03 8.247286E-03 1.140781E-02 1.021553E-02 8.660814E-03 1.121810E-02 1.270552E-02 1.667629E-02 2.312050E-02 3.078341E-02 2.590954E-02 1.846652E-02 2.583263E-02 3.453323E-02 2.701029E-02 3.681535E-02 4.388856E-02 3.572628E-02 3.997013E-02 6.655872E-02 6.237597E-02 3.961610E-02 4.777106E-02 5.420133E-02 5.187161E-02 7.100918E-02 9.350699E-02 1.203851E-01
1.824817E-01 7.424816E-03 9.684832E-03 9.091737E-03 8.810585E-03 1.201401E-02 1.474789E-02 1.546381E-02 2.274107E-02 2.296086E-02 3.108658E-02 2.356629E-02 3.010374E-02 4.089180E-02 4.919960E-02 3.867237E-02 4.291103E-02 3.792977E-02 2.531279E-02 2.856953E-02 1.688767E-02 2.090120E-02 1.616686E-02 1.221281E-02 9.359827E-03 1.136119E-02 1.576078E-02 1.428649E-02 1.215402E-02 1.580538E-02 1.769617E-02 2.337611E-02 3.257226E-02 4.296349E-02 3.571380E-02 2.547338E-02 3.516378E-02 4.585493E-02 3.651100E-02 5.004645E-02 6.034784E-02 4.973128E-02 5.509432E-02 9.274957E-02 8.701065E-02 5.563372E-02 6.739121E-02 7.615431E-02 7.195909E-02 9.932171E-02 1.312789E-01 1.685383E-01
1.539744E-01 7.017931E-03 9.110252E-03 8.662353E-03 8.349290E-03 1.132344E-02 1.380494E-02 1.435264E-02 2.118657E-02 2.120443E-02 2.824877E-02 2.154854E-02 2.755397E-02 3.709418E-02 4.461230E-02 3.557423E-02 3.865033E-02 3.517199E-02 2.382640E-02 2.694302E-02 1.613393E-02 2.007114E-02 1.561959E-02 1.170844E-02 8.949766E-03 1.105511E-02 1.537326E-02 1.412720E-02 1.207298E-02 1.577732E-02 1.740896E-02 2.316269E-02 3.246826E-02 4.228642E-02 3.469534E-02 2.478532E-02 3.376214E-02 4.313315E-02 3.484364E-02 4.794478E-02 5.838985E-02 4.877751E-02 5.345361E-02 9.086637E-02 8.537329E-02 5.513950E-02 6.717081E-02 7.544518E-02 7.021847E-02 9.771223E-02 1.295728E-01 1.654376E-01
1.578416E-01 7.898778E-03 1.024156E-02 9.765371E-03 9.402313E-03 1.273518E-02 1.549773E-02 1.607137E-02 2.374879E-02 2.370022E-02 3.136331E-02 2.399283E-02 3.068861E-02 4.114350E-02 4.946613E-02 3.969444E-02 4.271595E-02 3.935849E-02 2.678336E-02 3.029985E-02 1.819563E-02 2.265443E-02 1.764564E-02 1.321304E-02 1.009582E-02 1.249927E-02 1.738481E-02 1.598763E-02 1.366384E-02 1.785588E-02 1.969778E-02 2.621393E-02 3.674659E-02 4.784454E-02 3.921660E-02 2.802084E-02 3.810276E-02 4.846729E-02 3.928178E-02 5.408385E-02 6.596059E-02 5.517682E-02 6.040585E-02 1.027688E-01 9.656826E-02 6.240182E-02 7.602214E-02 8.537967E-02 7.939379E-02 1.105418E-01 1.466045E-01 1.871037E-01
1.553526E-01 9.208345E-03 1.190418E-02 1.143160E-02 1.097562E-02 1.481734E-02 1.795225E-02 1.850933E-02 2.741009E-02 2.718105E-02 3.546920E-02 2.729735E-02 3.492918E-02 4.642424E-02 5.576465E-02 4.534199E-02 4.785903E-02 4.523793E-02 3.111459E-02 3.523470E-02 2.132051E-02 2.660623E-02 2.078314E-02 1.551164E-02 1.183919E-02 1.476570E-02 2.055219E-02 1.898203E-02 1.624221E-02 2.124731E-02 2.335105E-02 3.113548E-02 4.370387E-02 5.670103E-02 4.626771E-02 3.308701E-02 4.472503E-02 5.623142E-02 4.596841E-02 6.338738E-02 7.764619E-02 6.530924E-02 7.119878E-02 1.215089E-01 1.142501E-01 7.409165E-02 9.038344E-02 1.013382E-01 9.376388E-02 1.308796E-01 1.736927E-01 2.211193E-01
1.342334E-01 6.705169E-03 8.668954E-03 8.327963E-03 7.992573E-03 1.078971E-02 1.307966E-02 1.350631E-02 1.998849E-02 1.986653E-02 2.612224E-02 2.003051E-02 2.562594E-02 3.424303E-02 4.115931E-02 3.320404E-02 3.547979E-02 3.303723E-02 2.266021E-02 2.565854E-02 1.553500E-02 1.940028E-02 1.517624E-02 1.130936E-02 8.628778E-03 1.080725E-02 1.505222E-02 1.398704E-02 1.199916E-02 1.573828E-02 1.716023E-02 2.295527E-02 3.231473E-02 4.163577E-02 3.381899E-02 2.420325E-02 3.260333E-02 4.096067E-02 3.348347E-02 4.618500E-02 5.666594E-02 4.787737E-02 5.200104E-02 8.894333E-02 8.368684E-02 5.456195E-02 6.673407E-02 7.456092E-02 6.857370E-02 9.593756E-02 1.273883E-01 1.617070E-01
1.550460E-01 4.721961E-03 6.181504E-03 5.749677E-03 5.591976E-03 7.654333E-03 9.449381E-03 9.991451E-03 1.462739E-02 1.490846E-02 2.060879E-02 1.549505E-02 1.975352E-02 2.715565E-02 3.266878E-02 2.519581E-02 2.882599E-02 2.448879E-02 1.613040E-02 1.817588E-02 1.065837E-02 1.315460E-02 1.014982E-02 7.695120E-03 5.906662E-03 7.116593E-03 9.865325E-03 8.924886E-03 7.592173E-03 9.875642E-03 1.105947E-02 1.460216E-02 2.035085E-02 2.684603E-02 2.237218E-02 1.595267E-02 2.212413E-02 2.920846E-02 2.304158E-02 3.151020E-02 3.783826E-02 3.108658E-02 3.451735E-02 5.797452E-02 5.437838E-02 3.475218E-02 4.210891E-02 4.757066E-02 4.501364E-02 6.205466E-02 8.200555E-02 1.053017E-01
1.156145E-01 3.062764E-03 4.013139E-03 3.725409E-03 3.625399E-03 4.966728E-03 6.141343E-03 6.512710E-03 9.517540E-03 9.734426E-03 1.357542E-02 1.017156E-02 1.295227E-02 1.789508E-02 2.152034E-02 1.646764E-02 1.909833E-02 1.595096E-02 1.046593E-02 1.178828E-02 6.904556E-03 8.521676E-03 6.577540E-03 4.984742E-03 3.826376E-03 4.616013E-03 6.402198E-03 5.813422E-03 4.953451E-03 6.456836E-03 7.192399E-03 9.519422E-03 1.329930E-02 1.746630E-02 1.451104E-02 1.034898E-02 1.433270E-02 1.894715E-02 1.492623E-02 2.041238E-02 2.453224E-02 2.020697E-02 2.238724E-02 3.768620E-02 3.536085E-02 2.266388E-02 2.752294E-02 3.102311E-02 2.922961E-02 4.038555E-02 5.343263E-02 6.852000E-02
1.217653E-01 4.540221E-03 5.899051E-03 5.600378E-03 5.399873E-03 7.329378E-03 8.950666E-03 9.334724E-03 1.375944E-02 1.382516E-02 1.862015E-02 1.413538E-02 1.806291E-02 2.448758E-02 2.946168E-02 2.324763E-02 2.568678E-02 2.288904E-02 1.542777E-02 1.743955E-02 1.043066E-02 1.297865E-02 1.010764E-02 7.570474E-03 5.786175E-03 7.165128E-03 9.969545E-03 9.209157E-03 7.888510E-03 1.033522E-02 1.132205E-02 1.510891E-02 2.123752E-02 2.749116E-02 2.247096E-02 1.606016E-02 2.183058E-02 2.793643E-02 2.252685E-02 3.099727E-02 3.778237E-02 3.166879E-02 3.460548E-02 5.894362E-02 5.540890E-02 3.594204E-02 4.389266E-02 4.914882E-02 4.551016E-02 6.346207E-02 8.421488E-02 1.072956E-01
1.326238E-01 5.202479E-03 6.758944E-03 6.416745E-03 6.187540E-03 8.398142E-03 1.025335E-02 1.068690E-02 1.575729E-02 1.581957E-02 2.125230E-02 1.615191E-02 2.064331E-02 2.793978E-02 3.361293E-02 2.658836E-02 2.925969E-02 2.620201E-02 1.767675E-02 1.998261E-02 1.195027E-02 1.486611E-02 1.157258E-02 8.671974E-03 6.628814E-03 8.197764E-03 1.140371E-02 1.051319E-02 8.997927E-03 1.177840E-02 1.293644E-02 1.724477E-02 2.421679E-02 3.141652E-02 2.571776E-02 1.837684E-02 2.500636E-02 3.200788E-02 2.581023E-02 3.551107E-02 4.326016E-02 3.620908E-02 3.961328E-02 6.741875E-02 6.336305E-02 4.103560E-02 5.007102E-02 5.612736E-02 5.207115E-02 7.255364E-02 9.625686E-02 1.227370E-01
1.256620E-01 6.554421E-03 8.457165E-03 8.164376E-03 7.819680E-03 1.053231E-02 1.273254E-02 1.310553E-02 1.941627E-02 1.923468E-02 2.513424E-02 1.932176E-02 2.472297E-02 3.291816E-02 3.955301E-02 3.208453E-02 3.401759E-02 3.201829E-02 2.209391E-02 2.503173E-02 1.523792E-02 1.906230E-02 1.495025E-02 1.111093E-02 8.470646E-03 1.067871E-02 1.488258E-02 1.390361E-02 1.195023E-02 1.570000E-02 1.702045E-02 2.282415E-02 3.218982E-02 4.125513E-02 3.335374E-02 2.389520E-02 3.201316E-02 3.989719E-02 3.280081E-02 4.528633E-02 5.575043E-02 4.736446E-02 5.122301E-02 8.782465E-02 8.269644E-02 5.418083E-02 6.638327E-02 7.397443E-02 6.765531E-02 9.486004E-02 1.259865E-01 1.594204E-01
1.094846E-01 7.474018E-03 9.567676E-03 9.405926E-03 8.943251E-03 1.193770E-02 1.427310E-02 1.449943E-02 2.155775E-02 2.106529E-02 2.674382E-02 2.081729E-02 2.663649E-02 3.484442E-02 4.176769E-02 3.478342E-02 3.554239E-02 3.516185E-02 2.489109E-02 2.825459E-02 1.756983E-02 2.210421E-02 1.749755E-02 1.289126E-02 9.804772E-03 1.263021E-02 1.762878E-02 1.674286E-02 1.447260E-02 1.909545E-02 2.035566E-02 2.748354E-02 3.894451E-02 4.909162E-02 3.911785E-02 2.814452E-02 3.698413E-02 4.469129E-02 3.757457E-02 5.200103E-02 6.473433E-02 5.605486E-02 5.974624E-02 1.030302E-01 9.728801E-02 6.485369E-02 7.982229E-02 8.820144E-02 7.925037E-02 1.117409E-01 1.482458E-01 1.851849E-01
9.654185E-02 8.772880E-03 1.113810E-02 1.114504E-02 1.052349E-02 1.391473E-02 1.644922E-02 1.649378E-02 2.457405E-02 2.368895E-02 2.918465E-02 2.303120E-02 2.943544E-02 3.776947E-02 4.511188E-02 3.862485E-02 3.801712E-02 3.955301E-02 2.877138E-02 3.270378E-02 2.080247E-02 2.629748E-02 2.101920E-02 1.536807E-02 1.166931E-02 1.533693E-02 2.142167E-02 2.066640E-02 1.796320E-02 2.378337E-02 2.495357E-02 3.388533E-02 4.818573E-02 5.972547E-02 4.696221E-02 3.397014E-02 4.375524E-02 5.121561E-02 4.407821E-02 6.104356E-02 7.674706E-02 6.779061E-02 7.119010E-02 1.230091E-01 1.165469E-01 7.926141E-02 9.789208E-02 1.071903E-01 9.466777E-02 1.338778E-01 1.768776E-01 2.171884E-01
1.235268E-01 1.074540E-02 1.373821E-02 1.353462E-02 1.286171E-02 1.714594E-02 2.045165E-02 2.069753E-02 3.079860E-02 2.994992E-02 3.749258E-02 2.938649E-02 3.758563E-02 4.867273E-02 5.822887E-02 4.920260E-02 4.924668E-02 5.001240E-02 3.569754E-02 4.053535E-02 2.528201E-02 3.181158E-02 2.517360E-02 1.855269E-02 1.411059E-02 1.814588E-02 2.532175E-02 2.393604E-02 2.064005E-02 2.717735E-02 2.917086E-02 3.929759E-02 5.558300E-02 7.046576E-02 5.627484E-02 4.046742E-02 5.321940E-02 6.397268E-02 5.403160E-02 7.478847E-02 9.316206E-02 8.055415E-02 8.598182E-02 1.482458E-01 1.399490E-01 9.295489E-02 1.142500E-01 1.265784E-01 1.140341E-01 1.607270E-01 2.132830E-01 2.664508E-01
1.392635E-01 1.211932E-02 1.554615E-02 1.519781E-02 1.448900E-02 1.939010E-02 2.322804E-02 2.361221E-02 3.510639E-02 3.428209E-02 4.322220E-02 3.377924E-02 4.321398E-02 5.618026E-02 6.725167E-02 5.650200E-02 5.696128E-02 5.723142E-02 4.048502E-02 4.594282E-02 2.838463E-02 3.562133E-02 2.805112E-02 2.076465E-02 1.580976E-02 2.010044E-02 2.802456E-02 2.621083E-02 2.251156E-02 2.954226E-02 3.209025E-02 4.302546E-02 6.063331E-02 7.775991E-02 6.264928E-02 4.493810E-02 5.971897E-02 7.275236E-02 6.087429E-02 8.419196E-02 1.043135E-01 8.920296E-02 9.603356E-02 1.650845E-01 1.555704E-01 1.021575E-01 1.251270E-01 1.394694E-01 1.270791E-01 1.785341E-01 2.371146E-01 2.987368E-01
1.514968E-01 1.454492E-02 1.868784E-02 1.819319E-02 1.737719E-02 2.330083E-02 2.796517E-02 2.846965E-02 4.231736E-02 4.136160E-02 5.211088E-02 4.075704E-02 5.213927E-02 6.769073E-02 8.099690E-02 6.818001E-02 6.850943E-02 6.904643E-02 4.870828E-02 5.525773E-02 3.397014E-02 4.255608E-02 3.340504E-02 2.480453E-02 1.890001E-02 2.383734E-02 3.320628E-02 3.079263E-02 2.635949E-02 3.448108E-02 3.783826E-02 5.051617E-02 7.092985E-02 9.183735E-02 7.451867E-02 5.336646E-02 7.142387E-02 8.761862E-02 7.298298E-02 1.008737E-01 1.245267E-01 1.056300E-01 1.144512E-01 1.961444E-01 1.846059E-01 1.201805E-01 1.466841E-01 1.643275E-01 1.511455E-01 2.116582E-01 2.810523E-01 3.562117E-01
1.731482E-01 1.149461E-02 1.487657E-02 1.423934E-02 1.369250E-02 1.851103E-02 2.245600E-02 2.317211E-02 3.430842E-02 3.403240E-02 4.432249E-02 3.415361E-02 4.370387E-02 5.797328E-02 6.961484E-02 5.675678E-02 5.962781E-02 5.664054E-02 3.889253E-02 4.402891E-02 2.654157E-02 3.306576E-02 2.576130E-02 1.928347E-02 1.472990E-02 1.823883E-02 2.536022E-02 2.324006E-02 1.982657E-02 2.585257E-02 2.868149E-02 3.808079E-02 5.324972E-02 6.967253E-02 5.724121E-02 4.089180E-02 5.560864E-02 7.031781E-02 5.727527E-02 7.890226E-02 9.629784E-02 8.042494E-02 8.818140E-02 1.498681E-01 1.407771E-01 9.066928E-02 1.102003E-01 1.240964E-01 1.158446E-01 1.610563E-01 2.134438E-01 2.728563E-01
2.351518E-01 1.171018E-02 1.531136E-02 1.426461E-02 1.387331E-02 1.897287E-02 2.336277E-02 2.456309E-02 3.608098E-02 3.650289E-02 4.937649E-02 3.747229E-02 4.787229E-02 6.492169E-02 7.810477E-02 6.150082E-02 6.792819E-02 6.024783E-02 3.998328E-02 4.507597E-02 2.642758E-02 3.256133E-02 2.505619E-02 1.906562E-02 1.464608E-02 1.749218E-02 2.418900E-02 2.157325E-02 1.825036E-02 2.355357E-02 2.688279E-02 3.515348E-02 4.850853E-02 6.503423E-02 5.494663E-02 3.916097E-02 5.473680E-02 7.241695E-02 5.712210E-02 7.799365E-02 9.308513E-02 7.556474E-02 8.475919E-02 1.406046E-01 1.317050E-01 8.330348E-02 9.993332E-02 1.138484E-01 1.098275E-01 1.496276E-01 1.962256E-01 2.530298E-01
2.246954E-01 1.226716E-02 1.601022E-02 1.499016E-02 1.454887E-02 1.985659E-02 2.438267E-02 2.553868E-02 3.758441E-02 3.786731E-02 5.079436E-02 3.867820E-02 4.944068E-02 6.671859E-02 8.024578E-02 6.368514E-02 6.951368E-02 6.263680E-02 4.183973E-02 4.721036E-02 2.780938E-02 3.433275E-02 2.646953E-02 2.008373E-02 1.541147E-02 1.851701E-02 2.563107E-02 2.294744E-02 1.943356E-02 2.511585E-02 2.855957E-02 3.742826E-02 5.174317E-02 6.916532E-02 5.819375E-02 4.148060E-02 5.773935E-02 7.579342E-02 6.012313E-02 8.224067E-02 9.852822E-02 8.030187E-02 8.978418E-02 1.495540E-01 1.401281E-01 8.879650E-02 1.067086E-01 1.214136E-01 1.166092E-01 1.593725E-01 2.093749E-01 2.698598E-01
1.977568E-01 1.557570E-02 2.021023E-02 1.920517E-02 1.852868E-02 2.512672E-02 3.057980E-02 3.164421E-02 4.681193E-02 4.653284E-02 6.060050E-02 4.673049E-02 5.979793E-02 7.921734E-02 9.509309E-02 7.765177E-02 8.128202E-02 7.740647E-02 5.285439E-02 5.978493E-02 3.574336E-02 4.436698E-02 3.439257E-02 2.589997E-02 1.981914E-02 2.419527E-02 3.356516E-02 3.032216E-02 2.573769E-02 3.335193E-02 3.762989E-02 4.954587E-02 6.873706E-02 9.130031E-02 7.605514E-02 5.425037E-02 7.464723E-02 9.565028E-02 7.723429E-02 1.061322E-01 1.284607E-01 1.057936E-01 1.173208E-01 1.972770E-01 1.849899E-01 1.177650E-01 1.419764E-01 1.611374E-01 1.532152E-01 2.108857E-01 2.779912E-01 3.577356E-01
1.717995E-01 1.613393E-02 2.082001E-02 2.005501E-02 1.924094E-02 2.593074E-02 3.130715E-02 3.208110E-02 4.760896E-02 4.683443E-02 5.969429E-02 4.646317E-02 5.945446E-02 7.770767E-02 9.308513E-02 7.757547E-02 7.896132E-02 7.811368E-02 5.437836E-02 6.162128E-02 3.740645E-02 4.667164E-02 3.641230E-02 2.721168E-02 2.077163E-02 2.579802E-02 3.587207E-02 3.282068E-02 2.796661E-02 3.640489E-02 4.054466E-02 5.375255E-02 7.501742E-02 9.848913E-02 8.095196E-02 5.783779E-02 7.846405E-02 9.812547E-02 8.063457E-02 1.112115E-01 1.360921E-01 1.137385E-01 1.246807E-01 2.119761E-01 1.990951E-01 1.279738E-01 1.552276E-01 1.751759E-01 1.638601E-01 2.277092E-01 3.016109E-01 3.859208E-01
1.986236E-01 1.297202E-02 1.685246E-02 1.597130E-02 1.542318E-02 2.094199E-02 2.553985E-02 2.651481E-02 3.917209E-02 3.909290E-02 5.144447E-02 3.948123E-02 5.050995E-02 6.738775E-02 8.096974E-02 6.542049E-02 6.957123E-02 6.493479E-02 4.407495E-02 4.982968E-02 2.971396E-02 3.686340E-02 2.856744E-02 2.152275E-02 1.647409E-02 2.009878E-02 2.788624E-02 2.523487E-02 2.143807E-02 2.781652E-02 3.129165E-02 4.125692E-02 5.733330E-02 7.594669E-02 6.317656E-02 4.506639E-02 6.202286E-02 7.979716E-02 6.421685E-02 8.820144E-02 1.067006E-01 8.795923E-02 9.745199E-02 1.640379E-01 1.538542E-01 9.812225E-02 1.185176E-01 1.342909E-01 1.273201E-01 1.755030E-01 2.316419E-01 2.977961E-01
2.430995E-01 9.409972E-03 1.234369E-02 1.139902E-02 1.112592E-02 1.526848E-02 1.889738E-02 2.001615E-02 2.928153E-02 2.987105E-02 4.113025E-02 3.099467E-02 3.953274E-02 5.417144E-02 6.517885E-02 5.047678E-02 5.723356E-02 4.904972E-02 3.216814E-02 3.620491E-02 2.106630E-02 2.587262E-02 1.985628E-02 1.517446E-02 1.167816E-02 1.382471E-02 1.909279E-02 1.695829E-02 1.433337E-02 1.847950E-02 2.115686E-02 2.760964E-02 3.804938E-02 5.112172E-02 4.338642E-02 3.092041E-02 4.345409E-02 5.820755E-02 4.549662E-02 6.193681E-02 7.353614E-02 5.944028E-02 6.690017E-02 1.104917E-01 1.034761E-01 6.536611E-02 7.834325E-02 8.930481E-02 8.645619E-02 1.174560E-01 1.538693E-01 1.984447E-01
