tutorials/parameterisation/ppcov_covariance_matrices/completed/t2-ppcov_sva/covsva1.grd
DSAA
   523   523
   1.0000000000E+00    5.2300000000E+02
   1.0000000000E+00    5.2300000000E+02
  -1.6436545000E-15    1.0000000000E+00
[rows 230 to 252 of 523, columns 208 to 259 of 523]
9.591443E-06 7.822998E-05 7.778998E-05 3.553862E-04 1.634542E-04 1.653775E-04 1.163811E-04 4.819444E-05 1.931010E-04 7.743102E-05 3.444520E-05 2.901334E-05 6.407120E-05 6.479912E-05 1.054819E-04 1.999591E-04 3.943340E-05 4.006973E-04 7.286748E-04 1.128885E-03 1.704520E-03 4.405033E-03 5.873120E-03 1.415936E-03 6.023617E-04 8.033920E-03 1.748586E-02 8.006018E-02 1.146282E-01 2.746499E-01 5.474292E-02 1.507095E-01 2.454992E-01 8.640330E-02 2.746546E-02 2.360809E-02 9.090075E-03 2.112395E-03 5.415368E-03 1.100412E-02 2.596887E-02 6.550511E-02 2.981795E-02 4.231387E-02 4.291413E-02 1.093562E-01 9.092586E-02 5.934209E-02 4.274739E-02 3.675268E-02 2.398568E-02 1.664182E-02
3.389707E-07 6.215682E-06 6.003159E-06 2.618521E-05 1.241193E-05 1.215173E-05 8.538756E-06 3.659565E-06 1.358867E-05 5.675473E-06 2.615825E-06 2.221214E-06 4.728665E-06 4.815274E-06 7.744036E-06 1.409304E-05 3.003788E-06 2.736179E-05 4.448786E-05 4.953209E-05 1.105094E-04 2.699287E-04 3.624634E-04 9.562929E-05 4.344591E-05 5.170684E-04 1.033442E-03 4.547574E-03 6.857956E-03 1.448694E-02 3.026606E-03 7.856887E-03 1.518571E-02 5.428541E-03 1.586793E-03 1.333041E-03 5.426214E-04 1.272990E-04 3.306583E-04 6.865541E-04 1.296967E-03 4.333518E-03 1.407667E-03 3.746708E-03 3.144560E-03 9.393274E-03 8.681558E-03 4.505374E-03 2.693437E-03 3.084465E-03 2.823362E-03 2.251306E-03
5.272578E-07 7.265129E-06 7.002862E-06 3.175182E-05 1.476262E-05 1.441886E-05 1.002019E-05 4.198029E-06 1.605044E-05 6.552029E-06 2.943815E-06 2.501010E-06 5.407786E-06 5.473704E-06 8.869326E-06 1.648839E-05 3.369068E-06 3.256736E-05 5.869577E-05 7.823851E-05 1.384156E-04 3.447454E-04 4.684225E-04 1.197382E-04 5.337448E-05 6.768639E-04 1.372542E-03 6.283223E-03 9.595964E-03 2.056186E-02 4.121432E-03 1.083427E-02 2.067931E-02 7.174142E-03 2.079070E-03 1.762035E-03 6.952895E-04 1.677074E-04 4.184238E-04 8.717243E-04 1.964085E-03 5.653701E-03 2.149264E-03 5.305297E-03 4.546307E-03 1.220359E-02 1.239642E-02 6.565498E-03 3.963606E-03 4.396891E-03 3.862229E-03 3.001903E-03
1.318016E-06 2.483858E-06 2.423403E-06 1.375156E-05 5.683128E-06 5.647616E-06 3.758169E-06 1.380667E-06 6.630677E-06 2.355239E-06 9.466553E-07 7.749964E-07 1.909577E-06 1.959542E-06 3.446260E-06 7.004278E-06 1.119730E-06 1.539017E-05 2.987297E-05 4.918921E-05 7.859680E-05 2.292419E-04 3.205030E-04 6.489138E-05 2.505424E-05 4.742104E-04 1.108047E-03 6.357475E-03 1.010450E-02 2.547457E-02 4.005171E-03 1.268496E-02 2.753338E-02 8.094705E-03 1.906733E-03 1.541907E-03 5.335028E-04 1.035554E-04 2.963847E-04 7.030956E-04 2.081605E-03 6.148426E-03 2.469238E-03 5.755225E-03 6.422557E-03 1.483219E-02 1.978586E-02 1.241189E-02 4.451489E-03 7.109677E-03 6.753091E-03 4.404140E-03
1.999624E-06 6.639688E-06 6.473616E-06 3.455663E-05 1.473917E-05 1.461262E-05 9.839145E-06 3.741953E-06 1.688091E-05 6.219173E-06 2.562950E-06 2.127171E-06 5.047191E-06 5.128085E-06 8.780071E-06 1.753869E-05 2.984683E-06 3.746866E-05 7.187662E-05 1.158264E-04 1.843739E-04 5.150631E-04 7.157702E-04 1.539858E-04 6.162156E-05 1.049352E-03 2.368826E-03 1.279729E-02 2.004279E-02 4.867064E-02 8.151565E-03 2.433955E-02 4.872464E-02 1.494307E-02 3.854881E-03 3.205308E-03 1.138403E-03 2.327910E-04 6.461651E-04 1.451998E-03 4.007950E-03 1.133757E-02 4.752966E-03 9.641329E-03 1.077406E-02 2.501889E-02 3.065441E-02 1.986603E-02 7.977524E-03 1.144911E-02 1.015839E-02 6.598097E-03
3.425863E-06 8.282368E-05 8.026070E-05 3.354669E-04 1.624472E-04 1.591327E-04 1.124766E-04 4.925488E-05 1.736105E-04 7.423095E-05 3.424262E-05 2.974906E-05 6.105741E-05 6.048965E-05 7.834654E-05 1.724257E-04 3.805184E-05 3.284492E-04 4.468323E-04 5.300847E-04 1.351227E-03 3.179368E-03 4.293783E-03 1.182400E-03 5.486439E-04 6.093296E-03 1.189507E-02 5.035946E-02 7.509179E-02 1.535738E-01 3.347017E-02 7.918002E-02 1.182691E-01 4.552582E-02 1.492642E-02 1.454089E-02 5.086723E-03 1.182573E-03 3.632014E-03 6.304544E-03 1.081688E-02 3.526784E-02 1.225210E-02 2.007873E-02 1.864137E-02 5.499762E-02 4.343629E-02 2.609747E-02 1.851726E-02 1.637125E-02 1.150384E-02 8.195724E-03
1.038837E-05 5.462176E-04 4.943634E-04 1.958656E-03 1.011048E-03 6.696135E-04 7.101429E-04 3.392515E-04 1.059969E-03 4.881410E-04 2.280457E-04 2.116967E-04 1.983743E-04 2.194628E-04 2.412880E-04 8.291975E-04 1.721814E-04 1.300528E-03 1.463577E-03 1.787050E-03 6.955783E-03 1.503370E-02 1.998995E-02 6.188049E-03 3.067632E-03 2.759589E-02 5.064936E-02 1.893626E-01 2.723762E-01 4.842770E-01 1.286175E-01 2.538506E-01 2.258554E-01 1.190265E-01 4.303857E-02 5.040198E-02 1.554514E-02 3.630211E-03 1.183578E-02 1.763348E-02 2.790487E-02 7.915321E-02 3.233779E-02 3.380269E-02 3.234738E-02 9.198930E-02 5.659491E-02 3.935316E-02 3.876067E-02 2.530327E-02 1.469137E-02 1.031610E-02
4.722539E-06 9.051601E-05 8.820726E-05 3.753025E-04 1.798541E-04 1.773904E-04 1.252712E-04 5.424277E-05 1.960961E-04 8.276913E-05 3.787818E-05 3.272450E-05 6.811989E-05 6.769605E-05 1.021679E-04 1.960723E-04 4.229690E-05 3.772813E-04 5.813846E-04 6.972191E-04 1.566451E-03 3.754705E-03 5.061716E-03 1.356583E-03 6.182726E-04 7.132697E-03 1.423737E-02 6.140327E-02 9.103425E-02 1.923648E-01 4.094552E-02 9.931032E-02 1.508884E-01 5.628955E-02 1.949513E-02 1.770200E-02 6.650549E-03 1.550832E-03 4.338434E-03 8.224069E-03 1.427486E-02 4.334866E-02 1.622943E-02 2.537709E-02 2.385837E-02 6.954192E-02 5.382156E-02 3.317504E-02 2.403083E-02 2.071567E-02 1.415472E-02 9.992826E-03
3.040818E-06 1.551747E-05 1.547930E-05 7.295524E-05 3.298906E-05 3.358669E-05 2.363508E-05 9.637373E-06 4.052652E-05 1.596148E-05 7.139782E-06 5.875028E-06 1.341528E-05 1.394909E-05 2.342302E-05 4.390835E-05 8.440157E-06 8.929669E-05 1.585242E-04 2.506977E-04 3.674750E-04 9.817879E-04 1.295432E-03 3.005693E-04 1.251093E-04 1.768640E-03 3.937971E-03 1.856421E-02 2.711282E-02 6.548971E-02 1.270257E-02 3.763301E-02 7.998908E-02 2.658237E-02 7.009191E-03 5.603195E-03 2.200188E-03 5.062165E-04 1.294481E-03 2.892700E-03 7.833242E-03 2.083640E-02 9.116722E-03 1.955137E-02 2.084239E-02 4.638108E-02 5.597022E-02 3.195818E-02 1.566202E-02 2.033866E-02 1.696089E-02 1.233870E-02
1.002276E-06 2.805433E-06 2.716519E-06 1.489163E-05 6.275363E-06 6.176468E-06 4.121662E-06 1.546036E-06 7.092077E-06 2.578690E-06 1.050228E-06 8.695776E-07 2.086333E-06 2.123789E-06 3.670046E-06 7.377801E-06 1.228045E-06 1.591769E-05 3.075973E-05 4.987135E-05 8.019181E-05 2.263919E-04 3.172704E-04 6.728496E-05 2.676764E-05 4.728646E-04 1.067553E-03 5.921849E-03 9.433277E-03 2.280177E-02 3.721192E-03 1.124603E-02 2.338817E-02 7.067773E-03 1.748112E-03 1.441249E-03 5.063618E-04 1.016850E-04 2.852568E-04 6.550863E-04 1.872101E-03 5.387290E-03 2.215373E-03 4.997212E-03 5.562924E-03 1.262391E-02 1.669309E-02 1.058456E-02 3.902496E-03 6.144295E-03 5.871177E-03 3.877110E-03
6.303209E-07 6.178109E-07 6.062648E-07 3.751042E-06 1.480807E-06 1.485026E-06 9.749572E-07 3.409103E-07 1.804266E-06 6.077177E-07 2.365621E-07 1.890812E-07 4.940001E-07 5.165291E-07 9.471144E-07 1.968079E-06 2.875210E-07 4.505281E-06 8.843823E-06 1.505969E-05 2.397370E-05 7.477847E-05 1.049119E-04 1.933633E-05 7.051492E-06 1.559241E-04 3.862234E-04 2.410337E-03 3.886980E-03 1.044993E-02 1.504166E-03 5.222537E-03 1.270383E-02 3.543353E-03 7.325906E-04 5.658574E-04 1.893888E-04 3.417135E-05 1.019991E-04 2.629619E-04 8.622170E-04 2.699303E-03 1.022375E-03 2.889182E-03 3.215825E-03 7.327810E-03 1.090401E-02 6.586834E-03 2.038212E-03 3.760607E-03 3.919225E-03 2.580499E-03
4.761461E-07 6.321390E-07 6.199567E-07 3.531631E-06 1.454561E-06 1.456818E-06 9.752632E-07 3.580049E-07 1.758914E-06 6.230872E-07 2.543862E-07 2.046988E-07 5.131254E-07 5.383857E-07 9.640563E-07 1.926253E-06 3.082670E-07 4.243218E-06 8.021048E-06 1.335064E-05 2.070068E-05 6.134741E-05 8.463508E-05 1.686600E-05 6.450362E-06 1.237603E-04 2.934791E-04 1.685424E-03 2.668176E-03 6.826948E-03 1.073805E-03 3.535069E-03 8.424890E-03 2.511005E-03 5.480529E-04 4.242236E-04 1.503025E-04 2.949704E-05 8.330514E-05 2.083326E-04 6.583636E-04 1.952343E-03 7.711228E-04 2.231015E-03 2.458341E-03 5.214226E-03 7.975230E-03 4.914293E-03 1.536442E-03 2.932281E-03 3.231321E-03 2.221861E-03
1.724958E-07 4.115627E-06 4.059028E-06 1.632773E-05 8.025959E-06 8.059581E-06 5.865051E-06 2.633703E-06 9.493264E-06 4.140636E-06 2.042539E-06 1.701532E-06 3.040921E-06 3.760397E-06 3.843472E-06 1.040218E-05 2.412833E-06 1.955851E-05 1.802709E-05 1.977910E-05 6.773511E-05 1.624281E-04 2.088097E-04 5.719866E-05 2.644837E-05 2.817560E-04 5.644973E-04 2.282901E-03 3.294856E-03 7.005309E-03 1.598334E-03 4.200056E-03 7.585082E-03 3.351380E-03 7.502955E-04 7.698509E-04 2.361491E-04 5.594878E-05 2.123112E-04 3.502274E-04 6.132305E-04 2.539733E-03 6.499526E-04 2.153416E-03 1.735142E-03 4.947425E-03 4.856460E-03 2.453050E-03 1.387028E-03 1.792735E-03 1.860552E-03 1.589823E-03
6.303619E-07 4.627378E-06 4.624418E-06 2.039320E-05 9.534233E-06 9.736154E-06 6.994121E-06 2.972088E-06 1.192262E-05 4.896624E-06 2.313205E-06 1.887500E-06 4.216031E-06 4.480676E-06 7.483226E-06 1.335209E-05 2.784318E-06 2.630131E-05 4.419739E-05 6.030388E-05 9.680494E-05 2.500711E-04 3.225163E-04 7.927050E-05 3.419131E-05 4.328488E-04 9.335747E-04 4.118094E-03 5.966194E-03 1.378303E-02 2.871873E-03 8.288974E-03 1.853971E-02 6.672406E-03 1.735693E-03 1.343719E-03 5.659048E-04 1.417986E-04 3.410762E-04 7.753518E-04 1.911392E-03 5.450439E-03 2.049560E-03 6.445720E-03 5.494421E-03 1.316719E-02 1.551714E-02 8.218079E-03 4.273486E-03 5.757242E-03 5.849880E-03 4.734180E-03
4.502730E-07 7.928242E-06 8.064811E-06 3.041098E-05 1.534038E-05 1.471263E-05 1.205579E-05 5.605705E-06 2.017322E-05 9.062178E-06 4.735196E-06 3.851234E-06 5.076070E-06 6.644611E-06 6.871693E-06 2.345480E-05 5.765794E-06 4.070552E-05 2.959584E-05 3.349174E-05 1.293524E-04 3.099695E-04 3.797808E-04 1.051331E-04 4.844180E-05 4.782972E-04 9.830551E-04 3.668512E-03 5.007443E-03 9.884577E-03 2.728139E-03 7.355394E-03 1.289149E-02 6.726557E-03 1.277940E-03 1.429305E-03 4.018957E-04 9.951889E-05 3.606737E-04 6.281424E-04 1.193767E-03 4.619616E-03 1.254496E-03 4.662268E-03 3.860004E-03 9.644819E-03 1.077968E-02 5.675279E-03 2.835921E-03 4.232235E-03 4.798420E-03 4.128644E-03
1.919340E-07 7.987364E-07 8.262316E-07 3.509505E-06 1.658765E-06 1.768108E-06 1.317658E-06 5.725161E-07 2.391085E-06 9.975423E-07 5.036672E-07 3.922906E-07 9.039331E-07 1.019556E-06 1.759380E-06 2.959835E-06 6.445980E-07 5.760875E-06 8.865613E-06 1.186277E-05 1.779534E-05 4.707247E-05 5.749690E-05 1.385694E-05 5.845596E-06 7.205007E-05 1.619826E-04 6.748588E-04 9.355895E-04 2.228660E-03 4.979747E-04 1.512395E-03 3.779154E-03 1.499300E-03 3.637385E-04 2.577240E-04 1.186534E-04 3.198138E-05 7.241403E-05 1.790108E-04 4.584126E-04 1.290815E-03 4.700719E-04 2.028887E-03 1.590790E-03 3.398568E-03 4.262437E-03 2.203960E-03 1.141814E-03 1.785468E-03 2.218051E-03 2.084109E-03
2.798595E-07 1.455988E-07 1.525462E-07 7.873479E-07 3.357822E-07 3.646066E-07 2.625991E-07 1.018770E-07 5.237899E-07 1.937058E-07 8.966769E-08 6.699671E-08 1.743805E-07 2.015389E-07 3.769107E-07 6.775735E-07 1.196927E-07 1.446005E-06 2.334829E-06 3.977307E-06 5.088703E-06 1.549727E-05 1.925590E-05 3.784708E-06 1.406702E-06 2.449378E-05 6.231945E-05 3.120989E-04 4.466257E-04 1.211049E-03 2.239884E-04 8.020004E-04 2.316031E-03 8.206219E-04 1.621099E-04 1.079554E-04 4.523991E-05 1.024752E-05 2.581383E-05 7.318549E-05 2.568942E-04 6.964082E-04 2.866064E-04 1.252470E-03 1.326310E-03 2.113659E-03 4.019952E-03 2.586567E-03 6.917946E-04 1.810836E-03 2.656808E-03 2.145635E-03
2.510394E-07 1.613944E-07 1.714358E-07 8.257792E-07 3.637001E-07 4.012529E-07 2.965751E-07 1.197019E-07 5.931304E-07 2.279616E-07 1.109961E-07 8.223444E-08 2.100171E-07 2.470294E-07 4.580362E-07 7.903594E-07 1.501799E-07 1.637455E-06 2.516984E-06 4.240903E-06 5.163776E-06 1.529172E-05 1.845417E-05 3.797769E-06 1.443768E-06 2.261651E-05 5.673878E-05 2.622336E-04 3.634897E-04 9.629737E-04 1.948991E-04 6.784319E-04 1.948121E-03 7.451880E-04 1.531765E-04 1.002553E-04 4.478937E-05 1.097414E-05 2.618830E-05 7.367961E-05 2.529201E-04 6.478583E-04 2.781934E-04 1.248581E-03 1.307828E-03 1.924660E-03 3.706316E-03 2.432138E-03 6.753043E-04 1.811373E-03 2.734672E-03 2.348374E-03
2.628673E-07 1.566127E-06 1.668793E-06 6.179745E-06 3.112376E-06 3.433039E-06 2.695688E-06 1.265691E-06 4.927483E-06 2.215539E-06 1.234031E-06 9.454178E-07 1.809657E-06 2.449887E-06 2.655821E-06 6.464039E-06 1.620013E-06 1.188035E-05 9.158018E-06 1.016665E-05 2.953600E-05 7.406340E-05 8.518626E-05 2.242331E-05 9.862936E-06 9.861740E-05 2.165671E-04 7.654391E-04 9.896267E-04 2.260092E-03 6.087993E-04 1.753657E-03 3.743362E-03 2.007997E-03 4.062314E-04 3.602966E-04 1.289650E-04 3.508729E-05 1.205954E-04 2.266486E-04 4.312862E-04 1.663518E-03 4.321426E-04 2.139866E-03 1.651471E-03 3.539613E-03 4.116918E-03 2.211016E-03 1.119316E-03 1.944286E-03 2.696556E-03 2.724007E-03
1.139993E-06 7.530568E-07 8.202133E-07 3.653631E-06 1.666042E-06 1.892442E-06 1.446271E-06 6.078876E-07 2.933911E-06 1.169877E-06 5.992393E-07 4.390328E-07 1.105817E-06 1.324759E-06 2.439394E-06 4.054804E-06 8.220200E-07 8.176449E-06 1.190037E-05 1.989927E-05 2.262097E-05 6.553953E-05 7.559738E-05 1.619306E-05 6.239185E-06 8.665675E-05 2.177811E-04 8.908897E-04 1.154151E-03 3.001602E-03 7.088400E-04 2.414416E-03 7.016961E-03 2.997206E-03 6.395688E-04 4.047445E-04 1.962978E-04 5.218929E-05 1.177473E-04 3.310332E-04 1.114936E-03 2.687702E-03 1.208059E-03 5.541469E-03 5.755000E-03 7.817367E-03 1.526881E-02 9.175635E-03 2.953462E-03 7.803798E-03 1.099596E-02 1.049144E-02
6.229874E-07 1.805015E-07 1.948339E-07 9.866310E-07 4.220661E-07 4.751289E-07 3.509187E-07 1.372433E-07 7.345022E-07 2.722460E-07 1.302955E-07 9.449364E-08 2.525570E-07 3.020338E-07 5.773832E-07 1.010625E-06 1.802294E-07 2.153892E-06 3.308494E-06 5.718960E-06 6.814189E-06 2.123199E-05 2.532680E-05 4.858714E-06 1.759698E-06 3.035126E-05 8.037387E-05 3.813348E-04 5.199704E-04 1.446161E-03 2.885261E-04 1.068390E-03 3.282491E-03 1.250824E-03 2.392461E-04 1.504621E-04 6.676555E-05 1.569006E-05 3.832924E-05 1.141456E-04 4.158822E-04 1.093763E-03 4.570024E-04 2.240709E-03 2.346455E-03 3.421301E-03 6.868795E-03 4.511163E-03 1.167403E-03 3.312295E-03 5.193801E-03 4.350781E-03
4.880334E-07 1.058646E-07 1.145219E-07 5.935043E-07 2.507575E-07 2.831714E-07 2.085253E-07 8.051685E-08 4.426268E-07 1.618394E-07 7.695375E-08 5.537533E-08 1.504529E-07 1.811451E-07 3.503884E-07 6.156572E-07 1.074252E-07 1.325427E-06 2.038027E-06 3.554260E-06 4.226152E-06 1.340023E-05 1.600148E-05 2.994108E-06 1.067600E-06 1.921386E-05 5.163866E-05 2.509700E-04 3.444520E-04 9.726160E-04 1.889614E-04 7.136852E-04 2.231457E-03 8.417391E-04 1.569749E-04 9.775833E-05 4.303298E-05 9.950362E-06 2.452799E-05 7.450990E-05 2.774131E-04 7.365589E-04 3.046639E-04 1.551034E-03 1.621666E-03 2.346142E-03 4.782749E-03 3.134562E-03 7.936648E-04 2.313733E-03 3.708524E-03 3.140970E-03
8.297587E-07 6.597130E-07 7.241443E-07 3.053759E-06 1.429521E-06 1.638141E-06 1.275655E-06 5.537226E-07 2.580752E-06 1.062849E-06 5.666452E-07 4.131277E-07 1.021909E-06 1.239640E-06 2.262751E-06 3.637965E-06 7.844694E-07 7.152085E-06 1.002780E-05 1.658414E-05 1.822854E-05 5.139829E-05 5.816773E-05 1.300144E-05 5.123257E-06 6.523079E-05 1.608558E-04 6.202988E-04 7.901912E-04 2.001974E-03 5.033572E-04 1.659284E-03 4.722453E-03 2.139762E-03 4.771396E-04 3.001332E-04 1.527894E-04 4.336816E-05 9.359220E-05 2.596499E-04 8.518549E-04 1.953197E-03 9.126510E-04 4.216720E-03 4.193054E-03 5.518444E-03 1.007045E-02 5.754324E-03 2.222269E-03 5.145968E-03 7.554336E-03 7.608271E-03
