tutorials/parameterisation/ppcov_covariance_matrices/completed/t2-ppcov_sva/covsva1.grd
DSAA
   523   523
   1.0000000000E+00    5.2300000000E+02
   1.0000000000E+00    5.2300000000E+02
  -1.6436545000E-15    1.0000000000E+00
[rows 414 to 436 of 523, columns 364 to 415 of 523]
6.693622E-17 4.959488E-16 5.341136E-16 3.513216E-16 4.234981E-16 1.657155E-16 1.343827E-16 3.132310E-16 -4.319398E-16 -3.248169E-16 -1.769140E-16 1.989069E-16 2.986137E-16 3.596944E-16 3.420687E-16 2.631918E-16 2.950616E-16 4.354467E-16 5.166461E-16 1.618387E-16 4.292805E-17 5.737048E-17 2.892184E-16 -1.045392E-16 7.016876E-18 -1.709557E-16 -5.183457E-16 -1.273531E-16 -4.707078E-17 -3.123237E-16 -1.499499E-17 1.411038E-16 2.616190E-16 -4.894576E-16 -5.168500E-17 3.875548E-16 3.568851E-16 1.168773E-16 3.888026E-16 -2.947573E-16 -1.484357E-16 1.416710E-16 9.050791E-17 4.090432E-16 5.063314E-16 2.114728E-16 -4.370482E-16 -5.009323E-16 -1.371802E-16 -3.075652E-17 -6.386355E-16 -2.784601E-16
5.567105E-16 5.472512E-17 2.385926E-16 2.086347E-16 4.216708E-16 1.029178E-16 2.825111E-16 1.804624E-16 -2.536786E-16 -3.037511E-16 1.806208E-16 1.423487E-16 -9.034566E-18 3.655750E-16 6.408554E-18 9.765850E-17 2.235339E-16 2.060094E-16 2.004655E-16 2.678329E-16 2.248951E-16 4.445007E-16 3.504647E-16 -9.880436E-18 -2.067728E-16 -3.063146E-16 -4.312660E-16 -2.663922E-16 1.281495E-16 -2.402207E-16 2.772364E-16 2.570593E-16 3.695128E-16 -3.719633E-16 -2.460198E-16 1.961368E-16 3.425312E-16 4.125036E-16 4.746065E-16 -3.820130E-16 -1.703339E-16 2.615460E-16 -1.033948E-16 2.314695E-16 1.316417E-16 1.688108E-17 -3.629571E-16 -2.019994E-16 -1.898847E-16 -2.557692E-16 -1.685771E-16 -3.480034E-16
6.260988E-05 4.787590E-04 7.289045E-04 1.805208E-03 8.407421E-04 4.802890E-03 5.784459E-03 4.041683E-03 3.111368E-02 4.869602E-02 1.532551E-01 4.890131E-01 2.385704E-01 6.021509E-01 2.069985E-01 2.482215E-01 8.548094E-02 3.147624E-01 2.597799E-01 9.702826E-02 9.040649E-02 8.903789E-02 1.254998E-01 5.680275E-02 4.653381E-02 1.625179E-02 8.567957E-03 3.488242E-02 1.021225E-01 1.258914E-01 8.860008E-02 3.662393E-01 5.230690E-01 8.674745E-03 5.631073E-03 5.305003E-03 3.306938E-03 3.079743E-03 1.370870E-03 1.115031E-04 1.671519E-04 7.262792E-04 2.667292E-03 8.561112E-04 1.024191E-03 2.632747E-03 6.124998E-03 2.312580E-03 2.777034E-03 2.113550E-03 4.455496E-03 7.491487E-03
1.007275E-03 7.673071E-03 1.305823E-02 2.776400E-02 9.741583E-03 4.382718E-02 4.785385E-02 2.931102E-02 3.176614E-01 4.958488E-01 3.924501E-01 1.012794E-01 3.303448E-02 7.569648E-02 5.413755E-02 1.655615E-01 3.997553E-02 1.043207E-01 7.981048E-02 6.641208E-02 3.242445E-01 8.750507E-02 1.534982E-01 2.601769E-01 5.683873E-01 2.888708E-01 1.477616E-01 5.949510E-01 5.963234E-01 1.865882E-01 1.315921E-01 1.589568E-01 8.472578E-02 1.584604E-01 1.043521E-01 7.934517E-02 4.851480E-02 3.168890E-02 1.368056E-02 8.329313E-04 1.216679E-03 5.554631E-03 5.180277E-02 1.406891E-02 1.589917E-02 4.615846E-02 1.117441E-01 4.346911E-02 5.500216E-02 4.251490E-02 6.060225E-02 8.522338E-02
5.421032E-02 1.133591E-01 6.861315E-02 1.021918E-01 3.255938E-01 1.237586E-01 1.281508E-01 2.672063E-01 3.172949E-02 1.873618E-02 3.238917E-03 9.332998E-04 7.704531E-04 9.083613E-04 7.612368E-04 1.306292E-03 6.179108E-04 9.024337E-04 8.912641E-04 7.918213E-04 1.734794E-03 5.936921E-04 8.492754E-04 2.722128E-03 7.344427E-03 1.442910E-02 9.534732E-03 1.286128E-02 4.632453E-03 8.106754E-03 6.824330E-04 2.021700E-03 1.164641E-03 1.352315E-02 2.418923E-02 5.589284E-02 8.339544E-02 2.011100E-01 4.198752E-01 2.699577E-01 3.726249E-01 5.930739E-01 2.151558E-02 9.592764E-02 1.145830E-01 3.064841E-02 1.109018E-02 7.401990E-03 1.684582E-02 1.772054E-02 3.300326E-03 3.004454E-03
5.990156E-04 4.448715E-03 5.740223E-03 1.611843E-02 9.622521E-03 5.522476E-02 7.065534E-02 5.405819E-02 2.138070E-01 2.167002E-01 1.273599E-01 7.237223E-02 1.321846E-02 4.599909E-02 1.605158E-02 5.348720E-02 7.917391E-03 3.891546E-02 2.458563E-02 1.225709E-02 5.214634E-02 1.537225E-02 3.237995E-02 3.088787E-02 6.296936E-02 4.684167E-02 1.973945E-02 8.507941E-02 1.331594E-01 4.666205E-01 2.380224E-02 1.167745E-01 9.969688E-02 2.547369E-02 2.718246E-02 4.266286E-02 2.930200E-02 3.641701E-02 1.666490E-02 2.471779E-03 3.583336E-03 8.867281E-03 1.342845E-02 7.495450E-03 9.452364E-03 1.622659E-02 1.654879E-02 5.863301E-03 1.086994E-02 8.695513E-03 5.867736E-03 7.912315E-03
1.791308E-03 1.122581E-02 1.553338E-02 3.664412E-02 1.879398E-02 7.547999E-02 9.147770E-02 7.248531E-02 4.472849E-01 5.104645E-01 2.363895E-01 8.917684E-02 2.795830E-02 6.492007E-02 3.698414E-02 9.458429E-02 2.202043E-02 6.555767E-02 5.072029E-02 3.359737E-02 1.084394E-01 3.501428E-02 6.171397E-02 8.930422E-02 1.747439E-01 1.338865E-01 6.364638E-02 2.295130E-01 2.805037E-01 4.738778E-01 4.704455E-02 1.583561E-01 1.049156E-01 7.767776E-02 7.480982E-02 8.588321E-02 6.060608E-02 5.488654E-02 2.734504E-02 2.045041E-03 2.976679E-03 1.133481E-02 3.639330E-02 1.862686E-02 2.221550E-02 3.697542E-02 5.355332E-02 2.160813E-02 3.465384E-02 2.810428E-02 2.277612E-02 2.960166E-02
3.290403E-04 2.048653E-03 2.125343E-03 6.443054E-03 6.188816E-03 2.759365E-02 3.814082E-02 4.366572E-02 5.107849E-02 4.524025E-02 2.704602E-02 2.106365E-02 4.026709E-03 1.411875E-02 4.107220E-03 1.241285E-02 1.732383E-03 9.798359E-03 6.203436E-03 2.567852E-03 1.002424E-02 3.067520E-03 6.617516E-03 5.608116E-03 1.167604E-02 9.374751E-03 3.753780E-03 1.652401E-02 2.659650E-02 1.223068E-01 4.635283E-03 3.242560E-02 3.531897E-02 5.147598E-03 6.603276E-03 1.404772E-02 1.101837E-02 2.077177E-02 1.183008E-02 3.534586E-03 4.738612E-03 7.488451E-03 3.418127E-03 3.086041E-03 4.100315E-03 4.649003E-03 3.269762E-03 1.127494E-03 2.453652E-03 2.013488E-03 9.781352E-04 1.303318E-03
1.079899E-06 6.607772E-06 9.527953E-06 2.198994E-05 1.202192E-05 2.665759E-05 3.554979E-05 5.522552E-05 2.967448E-04 4.468169E-04 7.483649E-04 1.811551E-03 1.445651E-02 4.148595E-03 7.615388E-03 1.803105E-03 5.594968E-03 2.901879E-03 5.282753E-03 3.686774E-03 5.670324E-04 1.819991E-03 1.095019E-03 8.714329E-04 5.198685E-04 1.821285E-04 1.130837E-04 3.578735E-04 5.620687E-04 6.786079E-04 9.017552E-04 1.583404E-03 1.678503E-03 1.059376E-04 6.464321E-05 4.495898E-05 3.559594E-05 2.767129E-05 1.806448E-05 3.725664E-07 5.871710E-07 5.393995E-06 2.763977E-05 1.110531E-05 1.316898E-05 1.957294E-05 8.052494E-05 3.543180E-05 3.596150E-05 2.778706E-05 8.437755E-05 1.447311E-04
7.627937E-07 5.278316E-06 8.675793E-06 1.836130E-05 7.879728E-06 1.827596E-05 2.326265E-05 3.198428E-05 2.403470E-04 3.815328E-04 7.055565E-04 1.479509E-03 1.561189E-02 3.515184E-03 1.001071E-02 1.971402E-03 1.065710E-02 3.169674E-03 6.388892E-03 6.414008E-03 7.267886E-04 3.178356E-03 1.542488E-03 1.272515E-03 6.214425E-04 2.118647E-04 1.547230E-04 3.855425E-04 5.468957E-04 4.215874E-04 1.442306E-03 1.233713E-03 1.094574E-03 1.328517E-04 7.007815E-05 3.906880E-05 2.981084E-05 1.855445E-05 1.125755E-05 1.658262E-07 2.665444E-07 2.974257E-06 3.115264E-05 9.388685E-06 1.071934E-05 2.005447E-05 1.082687E-04 5.366684E-05 4.482702E-05 3.451548E-05 1.534382E-04 2.648470E-04
1.232627E-06 8.197715E-06 1.302556E-05 2.804631E-05 1.277575E-05 2.743968E-05 3.523137E-05 5.289706E-05 3.665629E-04 5.743612E-04 1.012950E-03 2.274345E-03 2.269022E-02 5.272572E-03 1.371946E-02 2.749918E-03 1.312630E-02 4.450067E-03 8.614630E-03 8.075146E-03 9.694163E-04 3.887004E-03 2.026622E-03 1.670581E-03 8.603535E-04 2.956679E-04 2.069553E-04 5.483124E-04 7.718174E-04 6.599148E-04 1.830302E-03 1.873579E-03 1.771083E-03 1.819663E-04 9.986724E-05 5.475210E-05 4.180755E-05 2.757807E-05 1.682805E-05 2.831413E-07 4.518210E-07 4.639876E-06 4.071553E-05 1.434445E-05 1.651439E-05 2.706943E-05 1.456354E-04 7.002339E-05 6.170497E-05 4.760245E-05 1.894052E-04 3.259468E-04
3.906812E-07 2.089669E-06 2.882838E-06 4.503849E-06 2.220385E-06 3.458295E-06 4.733719E-06 1.034979E-05 7.446109E-05 8.568059E-05 8.773046E-05 1.887591E-04 2.823025E-03 4.934160E-04 1.188083E-03 2.137268E-04 1.195795E-03 3.455010E-04 7.103132E-04 6.362987E-04 6.413367E-05 2.301939E-04 1.234068E-04 1.440784E-04 1.087961E-04 4.537532E-05 2.882092E-05 8.613923E-05 6.818197E-05 8.671221E-05 1.013819E-04 1.839236E-04 1.758214E-04 2.713402E-05 1.083108E-05 6.137802E-06 5.099154E-06 3.953474E-06 2.786116E-06 4.167918E-08 6.681484E-08 7.677951E-07 3.744878E-06 2.527170E-06 2.538879E-06 2.528657E-06 2.091365E-05 9.632464E-06 8.813476E-06 7.674118E-06 2.210258E-05 3.686883E-05
4.650414E-07 9.498788E-07 3.031535E-06 1.301663E-06 5.993516E-07 8.461712E-07 1.161146E-06 2.758992E-06 2.588782E-05 2.552419E-05 2.333840E-05 4.597366E-05 1.132752E-03 1.327976E-04 4.008261E-04 6.040820E-05 4.897545E-04 9.865563E-05 2.247697E-04 2.314635E-04 1.813260E-05 7.589255E-05 3.595251E-05 4.876993E-05 3.568522E-05 1.613036E-05 1.141689E-05 3.006666E-05 1.857709E-05 2.132842E-05 3.039490E-05 4.674656E-05 4.023576E-05 9.187809E-06 3.301657E-06 1.679681E-06 1.415125E-06 1.015419E-06 7.265883E-07 7.753637E-09 1.268857E-08 1.812263E-07 1.103435E-06 7.359728E-07 7.222000E-07 7.012106E-07 8.897405E-06 1.031096E-05 2.881886E-06 7.961269E-06 2.320106E-05 2.840177E-05
2.547697E-06 9.858517E-07 3.592324E-06 1.287914E-06 7.002972E-07 9.201623E-07 1.294600E-06 3.361141E-06 2.450291E-05 2.309309E-05 1.876801E-05 3.711370E-05 7.967536E-04 1.046514E-04 2.601895E-04 4.358745E-05 2.782983E-04 6.986911E-05 1.521420E-04 1.356848E-04 1.239859E-05 4.362322E-05 2.289373E-05 3.225024E-05 2.680410E-05 1.266388E-05 8.292316E-06 2.422362E-05 1.496247E-05 2.191993E-05 1.819974E-05 4.008568E-05 3.651149E-05 6.984425E-06 2.727178E-06 1.585115E-06 1.384114E-06 1.138946E-06 8.725016E-07 1.172389E-08 1.883157E-08 2.371822E-07 9.000081E-07 7.320966E-07 7.332872E-07 6.047068E-07 6.573300E-06 2.671424E-05 2.232217E-06 8.268149E-06 5.023159E-05 1.802489E-05
1.536463E-04 1.460659E-05 3.480856E-05 1.813526E-05 1.632252E-05 2.004588E-05 2.880955E-05 7.658613E-05 2.108658E-04 1.819860E-04 1.170170E-04 2.021843E-04 1.388527E-03 4.150191E-04 4.843824E-04 1.670266E-04 3.537156E-04 2.273742E-04 3.631337E-04 2.221198E-04 5.277375E-05 8.695281E-05 7.062918E-05 9.911816E-05 1.206248E-04 7.072528E-05 3.886078E-05 1.332402E-04 9.702543E-05 2.653561E-04 4.931689E-05 2.562760E-04 2.781724E-04 3.851199E-05 2.218366E-05 2.084392E-05 1.976005E-05 2.475968E-05 2.221707E-05 1.056375E-06 1.537752E-06 9.177055E-06 8.247602E-06 1.082457E-05 1.169084E-05 6.997817E-06 3.297561E-05 3.228792E-04 1.483846E-05 4.560292E-05 1.683032E-04 4.925424E-05
3.300613E-04 2.995627E-05 5.687029E-05 3.052457E-05 4.027841E-05 3.572199E-05 5.144100E-05 1.607072E-04 2.091372E-04 1.550523E-04 6.325801E-05 7.535812E-05 3.811598E-04 1.386269E-04 1.381232E-04 6.477951E-05 9.820904E-05 7.659644E-05 1.133596E-04 6.813848E-05 2.425753E-05 2.712263E-05 2.544496E-05 4.761189E-05 7.656181E-05 5.798701E-05 3.051127E-05 1.004733E-04 5.834896E-05 2.059566E-04 1.710692E-05 1.188651E-04 1.162032E-04 3.286949E-05 2.365195E-05 2.853282E-05 3.055108E-05 4.889898E-05 5.445367E-05 5.434291E-06 7.303205E-06 2.937870E-05 9.688599E-06 2.005706E-05 2.214325E-05 9.205732E-06 2.790602E-05 2.914753E-04 1.533254E-05 4.881381E-05 1.192544E-04 3.006578E-05
4.398978E-04 2.333856E-05 3.566647E-05 1.516020E-05 3.250939E-05 1.375786E-05 1.922352E-05 8.149310E-05 4.447364E-05 2.576368E-05 5.018438E-06 3.336314E-06 2.045239E-05 6.292993E-06 7.162363E-06 3.756989E-06 5.769417E-06 3.822580E-06 5.976237E-06 4.140989E-06 1.761049E-06 1.475594E-06 1.414077E-06 4.660948E-06 1.030791E-05 1.143942E-05 6.212077E-06 1.680160E-05 5.525792E-06 2.082273E-05 9.415379E-07 7.127053E-06 5.209585E-06 7.151641E-06 6.342633E-06 9.209745E-06 1.222057E-05 2.382961E-05 3.895414E-05 8.866921E-06 1.038942E-05 2.876078E-05 2.997878E-06 1.226960E-05 1.333394E-05 3.085654E-06 6.380679E-06 1.092452E-04 4.487515E-06 1.760704E-05 2.984102E-05 5.120343E-06
7.927041E-08 5.614864E-07 9.773229E-07 1.941508E-06 7.593914E-07 1.313432E-06 1.667732E-06 2.862751E-06 2.335581E-05 3.737541E-05 5.160972E-05 8.443632E-05 1.391266E-03 2.364291E-04 1.003728E-03 1.521041E-04 1.305434E-03 2.402087E-04 5.755625E-04 7.808984E-04 5.998157E-05 3.289178E-04 1.278505E-04 1.567700E-04 7.064837E-05 2.484813E-05 2.033573E-05 4.228208E-05 4.289124E-05 2.746258E-05 1.278699E-04 7.953701E-05 5.684019E-05 1.661022E-05 8.212242E-06 3.493331E-06 2.765008E-06 1.472349E-06 9.288930E-07 7.371124E-09 1.227102E-08 2.047677E-07 3.322389E-06 1.014944E-06 1.133345E-06 1.898426E-06 1.427409E-05 7.904953E-06 5.809971E-06 4.502740E-06 2.483433E-05 4.188899E-05
1.307489E-06 7.425608E-07 3.439659E-06 1.048209E-06 3.549289E-07 5.192914E-07 6.713997E-07 1.392105E-06 1.970772E-05 2.028835E-05 1.986023E-05 3.222669E-05 1.021516E-03 9.632523E-05 4.486041E-04 5.871940E-05 7.840505E-04 9.391320E-05 2.355705E-04 3.584185E-04 2.179182E-05 1.218425E-04 4.631750E-05 6.903605E-05 4.113830E-05 1.855996E-05 1.597778E-05 3.120659E-05 1.657963E-05 1.141651E-05 4.529252E-05 3.167730E-05 2.226471E-05 1.169752E-05 3.604130E-06 1.387718E-06 1.122234E-06 6.073657E-07 3.963494E-07 2.718732E-09 4.570256E-09 8.431131E-08 1.275737E-06 6.069333E-07 5.652807E-07 7.191917E-07 1.230104E-05 4.536808E-05 3.752529E-06 1.302863E-05 1.105159E-04 5.300779E-05
6.933859E-08 2.828533E-07 6.133869E-07 3.747631E-07 1.345664E-07 1.782271E-07 2.365481E-07 5.572713E-07 7.620859E-06 7.489710E-06 6.416924E-06 1.042057E-05 4.063111E-04 3.354582E-05 1.572996E-04 1.884487E-05 2.660233E-04 3.061553E-05 8.055288E-05 1.168811E-04 6.410148E-06 3.592348E-05 1.350945E-05 2.228828E-05 1.415100E-05 6.454492E-06 5.342838E-06 1.117231E-05 5.369505E-06 4.183093E-06 1.272334E-05 1.081727E-05 7.544574E-06 3.939283E-06 1.194781E-06 4.675935E-07 3.892824E-07 2.198152E-07 1.505552E-07 9.010724E-10 1.528574E-09 3.110787E-08 4.012534E-07 2.164129E-07 2.014612E-07 2.248536E-07 4.140037E-06 3.438749E-06 1.234518E-06 2.200191E-06 9.304743E-06 1.506383E-05
9.790946E-07 1.727012E-07 8.427284E-07 2.205019E-07 8.351528E-08 1.043827E-07 1.409906E-07 3.589249E-07 4.672511E-06 4.463318E-06 3.534822E-06 5.783031E-06 2.470944E-04 1.929932E-05 8.854697E-05 1.023464E-05 1.443093E-04 1.676077E-05 4.495346E-05 6.224847E-05 3.288852E-06 1.809812E-05 6.859772E-06 1.190463E-05 7.927942E-06 3.643161E-06 2.916478E-06 6.441420E-06 2.956180E-06 2.537732E-06 6.278445E-06 6.205711E-06 4.353969E-06 2.172332E-06 6.605380E-07 2.657684E-07 2.254699E-07 1.327487E-07 9.399507E-08 5.411291E-10 9.201662E-10 1.935565E-08 2.150266E-07 1.270425E-07 1.186451E-07 1.211172E-07 2.270126E-06 2.094541E-05 6.719264E-07 2.845738E-06 3.906182E-05 9.500316E-06
4.238051E-06 3.054955E-05 5.794824E-05 1.019265E-04 3.233562E-05 6.900536E-05 7.957463E-05 9.699146E-05 9.408018E-04 1.497137E-03 2.545954E-03 3.396085E-03 2.631060E-02 6.770834E-03 2.906672E-02 6.855908E-03 5.502820E-02 9.418940E-03 1.824661E-02 3.588635E-02 4.159395E-03 2.040545E-02 8.434133E-03 8.758813E-03 3.669804E-03 1.428904E-03 1.365139E-03 2.125115E-03 2.192486E-03 9.011077E-04 9.804608E-03 2.881067E-03 1.946433E-03 1.058172E-03 4.869054E-04 1.870484E-04 1.362189E-04 6.515192E-05 3.596155E-05 5.381422E-07 8.528815E-07 9.261911E-06 2.180949E-04 5.621111E-05 6.018556E-05 1.307748E-04 9.721383E-04 6.060177E-04 3.978492E-04 3.123918E-04 1.984261E-03 3.251320E-03
3.558630E-05 2.506567E-04 4.432245E-04 8.512487E-04 2.941508E-04 7.910830E-04 9.201036E-04 9.632924E-04 9.055810E-03 1.447589E-02 3.279666E-02 5.390623E-02 2.367967E-01 8.904110E-02 3.057266E-01 8.878622E-02 5.435311E-01 1.244956E-01 2.087540E-01 3.283975E-01 4.770439E-02 2.007983E-01 1.028094E-01 6.713090E-02 3.041090E-02 1.089778E-02 8.720716E-03 1.809809E-02 2.597904E-02 1.197438E-02 1.084109E-01 4.058756E-02 3.140333E-02 7.268843E-03 3.570364E-03 1.725022E-03 1.202782E-03 6.755120E-04 3.553743E-04 9.221706E-06 1.420779E-05 1.073461E-04 1.590885E-03 4.537055E-04 5.001130E-04 1.086075E-03 6.139383E-03 3.195635E-03 2.545439E-03 1.974060E-03 8.989835E-03 1.536222E-02
