tutorials/parameterisation/ppcov_covariance_matrices/completed/t2-ppcov_sva/covsva1.grd
DSAA
   523   523
   1.0000000000E+00    5.2300000000E+02
   1.0000000000E+00    5.2300000000E+02
  -1.6436545000E-15    1.0000000000E+00
[rows 69 to 91 of 523, columns 52 to 103 of 523]
3.378362E-01 3.011146E-01 4.664621E-01 2.369271E-01 5.525907E-04 1.040021E-03 5.665100E-04 1.639059E-04 2.979392E-04 1.737887E-03 3.057080E-03 1.174589E-02 1.137620E-02 1.927158E-02 2.609033E-03 3.203195E-04 4.880914E-05 3.381541E-05 8.977373E-05 9.909952E-06 4.430824E-04 4.238445E-04 7.895466E-04 7.291296E-04 1.597621E-05 6.821147E-05 4.098275E-04 5.980820E-03 2.474361E-02 9.451538E-02 5.971170E-02 1.201185E-01 1.454710E-01 1.364784E-01 1.827504E-01 3.634977E-01 3.972369E-04 8.240072E-04 2.750894E-03 4.448923E-03 1.289797E-06 2.547105E-05 1.257148E-04 2.820132E-04 7.127899E-04 1.042150E-03 1.548226E-02 1.717462E-02 3.762995E-03 1.220395E-04 2.761557E-03 6.761929E-04
1.565323E-01 1.871963E-01 2.447921E-01 1.215292E-01 3.386081E-04 6.312522E-04 3.509401E-04 9.221883E-05 1.658351E-04 9.906655E-04 1.680339E-03 6.185394E-03 5.472060E-03 9.261019E-03 1.390726E-03 1.752453E-04 2.601606E-05 1.864234E-05 4.838386E-05 5.163349E-06 2.176995E-04 2.023243E-04 4.220748E-04 3.806735E-04 7.478027E-06 3.187786E-05 1.910270E-04 2.716509E-03 1.092956E-02 5.055862E-02 1.148045E-01 1.713626E-01 1.131349E-01 6.715278E-02 1.366581E-01 6.892055E-01 7.791116E-04 1.636509E-03 5.540930E-03 1.021834E-02 1.032687E-06 2.496248E-05 1.491409E-04 4.751807E-04 1.307395E-03 1.984760E-03 3.062310E-02 3.658548E-02 6.722483E-03 7.855726E-05 1.684502E-03 4.081427E-04
8.055350E-02 1.346886E-01 1.424401E-01 8.195195E-02 7.837627E-05 1.478949E-04 1.300047E-04 3.378601E-05 6.109523E-05 2.670398E-04 4.304872E-04 1.637191E-03 1.427125E-03 2.542095E-03 3.289406E-04 4.114200E-05 9.855130E-06 3.542496E-06 1.075131E-05 1.847434E-06 8.438334E-05 8.092310E-05 1.628883E-04 1.468344E-04 1.072877E-06 5.226998E-06 3.707830E-05 7.017839E-04 3.547641E-03 3.092099E-02 2.316598E-01 3.345095E-01 1.112556E-01 2.520604E-02 5.067870E-02 5.365630E-01 7.048950E-04 1.671209E-03 6.646779E-03 1.858869E-02 1.447468E-07 5.172384E-06 4.218642E-05 2.458952E-04 8.748762E-04 1.345028E-03 2.697285E-02 3.878109E-02 5.296602E-03 2.492679E-05 6.116363E-04 1.366047E-04
7.503637E-02 1.161202E-01 1.299760E-01 7.239826E-02 9.258643E-05 1.732790E-04 1.486841E-04 3.918343E-05 6.779249E-05 3.056893E-04 4.830138E-04 1.780867E-03 1.525250E-03 2.696527E-03 3.638297E-04 4.687456E-05 1.071746E-05 4.105067E-06 1.227962E-05 2.029406E-06 8.872611E-05 8.353583E-05 1.760339E-04 1.575556E-04 1.232230E-06 5.887806E-06 4.072798E-05 7.298042E-04 3.484377E-03 2.646527E-02 2.307971E-01 2.628123E-01 8.960249E-02 2.648321E-02 5.859155E-02 5.410053E-01 8.480862E-04 1.969748E-03 7.648805E-03 2.122125E-02 1.976796E-07 7.059362E-06 5.761111E-05 3.267133E-04 1.130185E-03 1.774192E-03 3.534291E-02 4.934831E-02 6.885128E-03 3.014136E-05 7.161241E-04 1.591337E-04
6.254178E-02 9.407586E-02 1.045315E-01 5.360877E-02 1.321500E-04 2.389683E-04 1.435952E-04 3.620192E-05 6.273740E-05 3.992984E-04 6.068508E-04 2.052106E-03 1.735034E-03 2.975103E-03 4.545144E-04 6.556592E-05 9.718464E-06 6.424098E-06 1.812280E-05 1.844173E-06 7.697629E-05 7.111790E-05 1.585104E-04 1.404449E-04 1.996533E-06 8.793172E-06 5.493778E-05 8.315548E-04 3.543010E-03 2.280641E-02 2.742152E-01 2.214412E-01 7.300234E-02 2.443247E-02 5.792797E-02 4.200054E-01 1.544843E-03 3.420913E-03 1.235141E-02 2.818433E-02 4.449040E-07 1.426066E-05 1.113234E-04 6.333920E-04 2.086500E-03 3.187071E-03 4.854588E-02 6.822260E-02 9.228592E-03 3.038969E-05 6.927844E-04 1.539231E-04
4.872965E-02 9.238005E-02 8.566707E-02 5.086225E-02 5.224161E-05 9.634629E-05 5.834890E-05 1.654618E-05 2.728282E-05 1.707039E-04 2.720013E-04 9.974527E-04 8.855614E-04 1.549279E-03 2.115413E-04 2.827538E-05 4.495028E-06 2.656483E-06 7.773664E-06 8.050257E-07 3.901958E-05 3.825776E-05 7.536663E-05 6.784528E-05 8.463675E-07 3.919496E-06 2.616376E-05 4.609519E-04 2.334270E-03 2.463284E-02 4.368125E-01 4.576347E-01 1.027229E-01 1.368015E-02 2.537586E-02 2.559929E-01 1.281455E-03 3.071398E-03 1.201269E-02 2.910307E-02 1.367475E-07 4.657786E-06 3.918843E-05 3.076932E-04 1.179469E-03 1.538363E-03 2.190207E-02 3.363260E-02 3.972918E-03 9.852560E-06 3.031834E-04 5.647665E-05
2.358407E-01 4.048936E-01 4.130440E-01 2.401052E-01 2.291053E-04 4.334035E-04 2.116298E-04 6.576703E-05 1.134243E-04 7.272805E-04 1.319419E-03 5.123872E-03 4.754263E-03 8.188974E-03 1.138771E-03 1.382505E-04 1.946227E-05 1.469654E-05 3.912359E-05 3.733331E-06 1.848798E-04 1.852493E-04 3.194613E-04 2.967824E-04 5.545247E-06 2.485544E-05 1.590681E-04 2.663534E-03 1.310461E-02 1.025042E-01 1.017714E-01 2.844931E-01 2.684798E-01 5.886324E-02 7.432802E-02 4.836889E-01 4.336439E-04 9.657753E-04 3.495341E-03 6.722063E-03 4.174882E-07 9.669746E-06 5.634157E-05 1.950069E-04 5.845064E-04 8.722853E-04 1.274651E-02 1.610242E-02 2.655269E-03 3.822496E-05 1.084970E-03 2.274748E-04
1.434542E-01 3.451600E-01 2.265523E-01 2.021398E-01 1.005151E-04 1.917719E-04 8.036380E-05 2.928163E-05 4.725668E-05 3.340635E-04 6.399067E-04 2.698400E-03 2.970038E-03 6.499850E-03 6.022731E-04 6.855778E-05 8.933213E-06 7.413174E-06 1.997611E-05 1.624913E-06 9.281323E-05 1.003213E-04 1.464475E-04 1.389926E-04 1.616438E-05 6.062779E-05 1.566711E-04 2.995419E-03 1.752703E-02 1.504899E-01 1.058290E-01 3.762660E-01 6.210518E-01 2.710795E-02 2.626571E-02 1.842365E-01 8.957266E-04 9.453372E-04 5.904822E-03 5.000873E-03 1.212288E-06 1.835026E-05 8.684910E-05 3.126713E-04 5.661409E-04 3.979079E-04 5.303065E-03 7.220392E-03 1.024976E-03 1.130332E-05 4.396352E-04 7.629033E-05
5.868474E-02 1.317205E-01 1.008526E-01 7.036259E-02 5.419624E-05 1.027646E-04 4.402038E-05 1.410605E-05 2.264556E-05 1.668927E-04 3.074316E-04 1.256294E-03 1.328317E-03 2.972019E-03 2.768651E-04 3.189914E-05 3.986099E-06 3.425591E-06 9.018642E-06 6.997748E-07 3.791153E-05 3.921883E-05 6.718302E-05 6.183008E-05 3.262601E-06 1.328259E-05 6.965916E-05 1.081739E-03 5.139662E-03 5.278761E-02 2.679463E-01 8.208615E-01 2.190180E-01 1.306438E-02 1.856138E-02 1.905196E-01 1.388059E-03 2.606030E-03 1.076117E-02 1.521888E-02 3.942913E-07 8.790841E-06 5.631448E-05 3.394203E-04 1.155017E-03 8.206137E-04 9.937658E-03 1.498777E-02 1.803313E-03 6.402708E-06 2.399446E-04 4.066232E-05
6.954491E-02 1.434831E-01 1.226099E-01 8.115200E-02 5.315624E-05 9.952245E-05 6.406364E-05 1.956416E-05 3.212021E-05 1.845609E-04 3.052821E-04 1.178246E-03 1.079991E-03 1.907640E-03 2.442003E-04 3.106532E-05 5.498309E-06 2.841206E-06 8.531134E-06 9.866176E-07 5.079268E-05 5.133200E-05 9.222968E-05 8.439654E-05 9.234763E-07 4.423456E-06 3.079065E-05 5.905171E-04 3.239922E-03 3.993398E-02 2.545472E-01 7.561989E-01 1.737839E-01 1.716532E-02 2.691001E-02 2.801711E-01 6.880825E-04 1.673727E-03 6.670516E-03 1.673137E-02 9.693324E-08 3.147276E-06 2.489908E-05 1.691474E-04 6.405895E-04 8.697039E-04 1.396574E-02 2.060660E-02 2.568716E-03 1.019045E-05 3.402934E-04 6.184258E-05
3.627717E-02 7.428681E-02 6.338506E-02 3.855150E-02 4.692466E-05 8.806755E-05 3.971576E-05 1.144514E-05 1.852632E-05 1.353301E-04 2.394641E-04 9.370312E-04 9.530868E-04 1.964086E-03 2.074187E-04 2.461981E-05 3.082777E-06 2.647267E-06 6.826510E-06 5.401733E-07 2.690991E-05 2.664735E-05 5.203766E-05 4.680444E-05 2.021216E-06 8.233237E-06 4.691673E-05 6.553292E-04 2.952157E-03 2.766022E-02 5.397998E-01 4.274255E-01 1.081718E-01 9.642498E-03 1.766986E-02 1.780430E-01 2.566206E-03 5.362147E-03 2.038667E-02 3.399158E-02 3.991109E-07 1.039062E-05 7.604429E-05 5.809358E-04 2.083573E-03 1.634273E-03 1.861323E-02 2.961056E-02 3.343771E-03 6.304434E-06 2.099262E-04 3.695135E-05
1.592236E-02 3.346675E-02 2.777985E-02 1.671390E-02 2.288803E-05 4.279794E-05 1.841319E-05 5.231198E-06 8.197263E-06 6.357169E-05 1.117397E-04 4.345772E-04 4.434722E-04 1.063037E-03 9.639848E-05 1.143560E-05 1.358316E-06 1.238495E-06 3.150678E-06 2.286177E-07 1.147651E-05 1.134184E-05 2.314211E-05 2.056531E-05 2.243647E-05 3.498613E-05 2.399989E-05 4.330512E-04 2.520245E-03 1.374777E-02 5.586146E-01 2.076211E-01 6.684207E-02 4.285810E-03 8.483427E-03 8.015727E-02 1.114135E-02 9.537001E-03 5.302295E-02 6.122637E-02 8.228960E-06 1.106875E-04 5.652473E-04 1.799076E-03 3.178918E-03 1.863294E-03 1.662994E-02 2.837851E-02 3.031313E-03 2.704290E-06 9.883385E-05 1.591147E-05
8.147582E-03 1.714087E-02 1.420352E-02 8.300299E-03 1.344777E-05 2.501341E-05 1.047379E-05 2.910665E-06 4.455314E-06 3.594207E-05 6.246060E-05 2.398027E-04 2.439619E-04 6.005968E-04 5.344473E-05 6.383837E-06 7.318326E-07 6.967217E-07 1.747824E-06 1.198334E-07 5.944408E-06 5.824992E-06 1.250869E-05 1.098386E-05 2.471986E-05 2.193775E-05 1.353152E-05 2.439944E-04 1.440117E-03 7.409446E-03 3.658125E-01 1.074323E-01 3.774773E-02 2.273632E-03 4.845727E-03 4.253329E-02 1.682287E-02 1.601751E-02 8.238705E-02 9.976398E-02 2.458980E-05 2.642440E-04 1.205978E-03 2.167432E-03 4.185227E-03 2.202659E-03 1.534161E-02 2.713768E-02 2.939760E-03 1.471909E-06 5.643372E-05 8.568969E-06
2.255275E-02 3.961014E-02 3.869813E-02 2.052013E-02 5.287324E-05 9.727506E-05 4.833637E-05 1.213875E-05 2.002262E-05 1.388095E-04 2.307108E-04 8.335167E-04 8.018902E-04 1.612081E-03 1.895321E-04 2.398364E-05 3.117190E-06 2.614983E-06 6.536605E-06 5.591351E-07 2.386051E-05 2.218193E-05 5.134254E-05 4.488919E-05 1.827772E-06 7.210769E-06 3.941089E-05 4.937339E-04 1.958215E-03 1.382279E-02 6.587784E-01 1.740419E-01 4.903793E-02 8.004121E-03 1.974275E-02 1.433385E-01 5.530483E-03 1.146249E-02 4.165638E-02 7.856492E-02 6.913757E-07 2.016335E-05 1.633969E-04 1.441507E-03 5.158910E-03 4.384252E-03 4.850583E-02 8.087263E-02 8.799206E-03 9.087777E-06 2.384481E-04 4.645188E-05
2.620234E-02 3.875606E-02 4.502796E-02 2.405601E-02 4.686042E-05 8.744642E-05 1.065305E-04 1.819663E-05 4.317333E-05 1.449646E-04 2.178084E-04 7.671505E-04 6.201431E-04 1.097512E-03 1.545943E-04 2.004842E-05 6.250046E-06 1.658531E-06 4.972251E-06 1.227855E-06 4.769132E-05 3.843858E-05 8.691074E-05 7.965831E-05 4.553220E-07 2.198816E-06 1.537132E-05 2.678625E-04 1.197375E-03 8.419420E-03 2.965421E-01 1.209568E-01 3.086844E-02 1.131002E-02 3.425322E-02 2.028574E-01 1.855907E-03 4.323871E-03 1.693169E-02 4.786131E-02 1.532903E-07 7.273662E-06 7.589092E-05 6.577413E-04 2.506415E-03 3.711431E-03 7.319286E-02 1.152624E-01 1.309629E-02 2.346927E-05 3.848272E-04 1.112643E-04
1.722032E-02 2.134661E-02 2.937394E-02 1.347165E-02 2.341171E-05 4.737603E-05 7.204122E-05 7.651493E-06 2.547026E-05 8.095383E-05 1.238150E-04 4.891412E-04 3.663973E-04 6.914567E-04 8.064091E-05 8.148994E-06 2.189563E-06 4.716863E-07 1.631221E-06 7.460793E-07 2.080683E-05 1.553595E-05 4.404828E-05 3.919890E-05 1.033810E-07 6.141218E-07 5.502788E-06 1.297225E-04 6.164005E-04 3.680448E-03 9.834120E-02 4.663339E-02 1.291101E-02 9.469094E-03 4.126109E-02 1.499720E-01 5.629973E-04 1.364798E-03 5.893325E-03 1.837717E-02 3.575164E-08 2.921907E-06 4.012791E-05 3.164560E-04 1.226246E-03 2.378210E-03 8.646952E-02 1.206713E-01 1.292405E-02 5.827476E-05 2.613182E-04 2.008028E-04
5.055463E-02 5.820083E-02 8.021442E-02 3.965375E-02 1.055368E-04 2.014989E-04 2.789950E-04 4.016861E-05 1.174366E-04 3.416989E-04 5.191053E-04 1.870991E-03 1.479740E-03 2.642048E-03 3.626672E-04 4.453029E-05 1.339700E-05 3.417352E-06 1.058701E-05 3.864644E-06 1.080496E-04 8.539292E-05 2.017760E-04 1.842791E-04 9.014945E-07 4.547600E-06 3.337579E-05 6.025294E-04 2.544771E-03 1.222820E-02 1.062104E-01 8.517427E-02 3.388182E-02 2.839787E-02 9.520454E-02 3.178883E-01 6.468141E-04 1.450329E-03 5.530275E-03 1.565743E-02 2.107202E-07 9.599181E-06 8.737168E-05 4.124632E-04 1.315181E-03 2.514609E-03 6.449986E-02 8.071522E-02 1.278613E-02 8.054220E-05 9.257823E-04 3.677689E-04
6.012300E-02 3.897241E-02 6.817752E-02 3.511849E-02 4.195167E-04 8.236609E-04 1.152210E-03 1.520840E-04 4.670812E-04 1.405360E-03 2.105211E-03 7.358526E-03 5.419490E-03 9.535788E-03 1.399802E-03 1.650424E-04 4.783809E-05 1.142533E-05 3.669217E-05 1.733047E-05 3.944059E-04 2.943696E-04 7.998821E-04 7.183505E-04 2.783710E-06 1.472064E-05 1.126947E-04 1.913312E-03 6.176175E-03 1.036773E-02 1.640669E-02 1.993470E-02 1.533378E-02 9.119557E-02 4.637058E-01 1.048394E-01 1.219354E-04 2.552769E-04 9.194260E-04 2.571537E-03 4.176432E-07 1.700465E-05 1.160374E-04 1.895266E-04 4.401718E-04 1.190565E-03 2.966571E-02 2.651302E-02 9.216040E-03 5.586441E-04 4.053364E-03 2.353233E-03
5.488226E-02 3.820761E-02 6.571471E-02 3.297105E-02 3.297173E-04 6.460277E-04 9.163968E-04 1.182814E-04 3.645362E-04 1.092380E-03 1.628125E-03 5.686942E-03 4.190468E-03 7.397609E-03 1.078870E-03 1.272977E-04 3.694672E-05 8.782608E-06 2.819071E-05 1.338908E-05 3.030975E-04 2.257919E-04 6.190667E-04 5.547235E-04 2.124364E-06 1.124460E-05 8.627865E-05 1.482215E-03 4.939812E-03 9.549767E-03 1.996561E-02 2.242441E-02 1.556031E-02 7.297361E-02 3.628058E-01 1.178267E-01 1.518820E-04 3.197104E-04 1.156897E-03 3.240892E-03 3.670934E-07 1.595992E-05 1.170233E-04 2.209835E-04 5.323624E-04 1.407280E-03 3.645490E-02 3.321562E-02 1.067126E-02 4.526601E-04 3.195540E-03 1.888361E-03
2.642168E-02 2.053717E-02 3.477683E-02 1.627686E-02 1.448338E-04 2.879824E-04 4.434293E-04 4.717671E-05 1.547378E-04 4.702664E-04 6.819792E-04 2.373658E-03 1.679495E-03 3.008160E-03 4.297418E-04 4.814918E-05 1.351480E-05 2.954564E-06 9.833932E-06 4.728300E-06 1.131889E-04 8.062216E-05 2.533740E-04 2.220612E-04 6.439271E-07 3.614814E-06 2.970651E-05 5.478511E-04 1.877520E-03 4.338211E-03 2.045623E-02 1.687701E-02 8.740355E-03 3.204402E-02 1.796982E-01 9.013293E-02 1.815941E-04 3.872299E-04 1.433637E-03 4.096285E-03 1.826246E-07 1.130816E-05 1.084497E-04 2.747243E-04 7.091477E-04 1.945861E-03 6.074775E-02 5.395062E-02 1.589490E-02 3.452466E-04 1.552318E-03 1.219256E-03
1.638360E-02 1.552993E-02 2.499455E-02 1.084788E-02 3.644317E-05 7.569683E-05 1.207377E-04 1.100402E-05 3.902778E-05 1.279599E-04 1.921206E-04 7.516532E-04 5.309798E-04 1.006223E-03 1.186585E-04 1.129695E-05 2.905401E-06 5.749490E-07 2.078128E-06 9.479383E-07 2.857971E-05 2.021113E-05 6.639516E-05 5.789289E-05 1.137643E-07 7.206250E-07 6.914283E-06 1.664136E-04 7.047682E-04 2.643699E-03 3.182097E-02 1.975583E-02 7.263345E-03 1.393931E-02 7.932909E-02 9.937073E-02 2.075286E-04 4.827910E-04 2.022703E-03 6.292051E-03 3.791784E-08 3.530020E-06 4.739372E-05 2.208667E-04 7.186455E-04 1.831675E-03 8.113116E-02 8.393203E-02 1.454803E-02 1.451002E-04 4.558042E-04 3.546808E-04
4.040755E-02 3.416885E-02 5.615276E-02 2.611249E-02 1.186939E-04 2.384955E-04 3.491348E-04 4.037576E-05 1.307978E-04 4.093608E-04 6.212983E-04 2.331785E-03 1.720873E-03 3.153051E-03 4.062034E-04 4.339988E-05 1.194972E-05 2.665857E-06 8.998080E-06 4.150257E-06 1.079386E-04 8.008216E-05 2.261729E-04 2.018013E-04 6.056353E-07 3.454892E-06 2.920379E-05 5.974331E-04 2.341202E-03 7.007477E-03 3.161497E-02 2.916982E-02 1.511957E-02 3.744553E-02 1.799047E-01 1.549814E-01 1.906905E-04 4.258146E-04 1.672908E-03 4.955601E-03 1.267864E-07 7.429166E-06 7.057816E-05 2.129539E-04 6.054177E-04 1.509475E-03 4.973952E-02 4.994561E-02 1.122456E-02 2.336664E-04 1.266446E-03 9.512163E-04
1.282837E-01 8.246704E-02 1.342254E-01 7.217550E-02 1.323333E-03 2.406741E-03 1.820190E-03 4.194614E-04 8.208780E-04 4.023136E-03 5.959204E-03 1.882693E-02 1.488917E-02 2.473094E-02 4.311194E-03 6.434344E-04 1.194358E-04 6.274989E-05 1.757717E-04 2.622408E-05 8.913244E-04 7.593465E-04 1.849828E-03 1.642693E-03 1.897787E-05 8.220720E-05 4.954981E-04 6.263719E-03 1.851384E-02 2.818274E-02 2.588945E-02 3.700319E-02 3.522193E-02 1.839908E-01 6.459279E-01 1.447867E-01 2.866915E-04 5.567045E-04 1.747938E-03 3.549881E-03 2.453477E-06 5.561243E-05 2.712704E-04 3.872064E-04 8.165725E-04 1.905187E-03 2.767742E-02 2.506121E-02 9.107871E-03 5.536805E-04 7.932494E-03 2.525423E-03
