tutorials/parameterisation/ppcov_covariance_matrices/completed/t2-ppcov_sva/covsva1.grd
DSAA
   523   523
   1.0000000000E+00    5.2300000000E+02
   1.0000000000E+00    5.2300000000E+02
  -1.6436545000E-15    1.0000000000E+00
[rows 345 to 367 of 523, columns 260 to 311 of 523]
-2.268261E-16 -2.797549E-16 -3.830595E-16 -3.110498E-16 -2.112057E-16 -5.112644E-17 3.323644E-16 4.220950E-16 3.324144E-16 2.443473E-16 3.302031E-17 1.883588E-16 -1.539431E-17 2.919871E-16 2.582647E-16 -5.843025E-17 -6.009688E-17 -1.331648E-16 -1.544173E-16 -2.276026E-16 -1.606076E-16 -2.632304E-16 -2.482335E-16 -4.987523E-16 -1.111873E-16 4.325142E-16 9.858937E-17 2.884811E-16 -3.190031E-17 -3.025183E-16 -2.090873E-16 -2.233273E-16 3.991175E-16 1.356861E-16 1.809062E-16 -2.530794E-16 -1.217724E-16 1.709055E-16 -2.836756E-16 -2.259231E-16 -7.579965E-17 2.755033E-16 1.883941E-16 5.825799E-17 1.121962E-16 -1.720834E-16 3.590792E-16 4.798252E-16 3.303599E-16 -1.778742E-17 2.452356E-16 3.551870E-16
1.427465E-03 7.714345E-04 4.113344E-04 2.738214E-04 1.139295E-04 2.813969E-05 5.589646E-06 2.225590E-05 1.269774E-05 2.952428E-05 1.748728E-05 1.104835E-05 1.433869E-05 2.562563E-05 5.746275E-06 5.804454E-06 6.859771E-06 4.752782E-06 1.209982E-05 1.801680E-05 4.911974E-06 1.396237E-05 1.794015E-05 3.040465E-05 9.109015E-05 1.450833E-04 3.152427E-04 1.054995E-04 6.090010E-05 3.980489E-05 1.600129E-05 1.019621E-05 2.925702E-04 6.857259E-04 1.014348E-03 1.017195E-04 7.209192E-05 1.761948E-04 2.947485E-04 1.803938E-04 1.053254E-04 8.352351E-04 5.219579E-04 4.648295E-04 1.479560E-03 6.441291E-04 8.754464E-04 9.195761E-02 7.473188E-02 4.366870E-02 1.019271E-01 3.178267E-02
-2.882092E-16 -4.689651E-16 -2.403506E-16 -2.565493E-16 5.074453E-17 5.353555E-17 3.065826E-16 3.055863E-16 1.478580E-16 2.875178E-16 3.602994E-16 -1.265638E-17 1.783678E-16 1.286290E-16 2.057534E-17 6.748879E-18 7.716461E-17 1.110035E-17 -1.200437E-16 -4.850596E-16 -2.600306E-16 -2.364300E-16 -4.849067E-16 -5.148619E-16 2.331631E-17 6.573043E-16 1.966807E-16 4.320555E-16 -8.058713E-17 -4.293647E-16 -3.594044E-16 -1.899327E-16 2.286578E-16 1.090189E-17 5.137680E-17 -7.012927E-18 -1.520060E-16 5.634994E-17 -8.872310E-17 -9.364855E-17 -1.160625E-16 2.354756E-16 2.128700E-16 1.685279E-16 1.521082E-17 -1.097354E-16 2.211460E-16 2.841778E-16 3.820098E-16 2.725348E-16 4.261903E-16 3.431803E-16
-5.379020E-16 -4.972256E-16 -3.728916E-16 -4.759742E-16 -1.253842E-16 1.833070E-16 3.208097E-16 5.055108E-16 3.168178E-16 5.954811E-16 2.343916E-16 7.665736E-17 7.437263E-17 2.577115E-16 2.971653E-16 -8.333680E-17 -8.066563E-17 -1.407089E-16 -9.513962E-17 -4.077950E-16 -2.455859E-16 -1.581191E-16 -5.612760E-16 -4.525451E-16 -3.727894E-17 5.546449E-16 6.973383E-17 4.191083E-16 -3.807638E-16 -2.538171E-16 -3.422918E-16 -3.600716E-16 5.429125E-16 2.544552E-16 4.523381E-16 -2.185128E-16 -2.279799E-16 7.972407E-17 6.655641E-17 -1.858365E-16 -1.182179E-16 1.760406E-16 2.091429E-16 1.995292E-16 -1.718180E-16 -1.579750E-16 -5.317289E-17 1.775499E-16 5.910816E-16 3.447694E-16 4.134055E-16 3.178583E-16
-2.918506E-16 -2.933625E-16 -1.380317E-16 -2.674027E-16 3.214397E-16 2.273064E-16 2.834554E-16 2.502306E-16 2.127677E-16 3.903761E-16 3.052689E-16 2.850333E-16 1.919443E-16 2.487515E-16 2.168747E-16 2.094505E-16 1.293455E-16 1.087404E-17 -2.977938E-16 -5.594509E-16 -2.417744E-16 -3.602259E-16 -4.235320E-16 -5.065458E-16 -2.879518E-17 4.348960E-16 2.134398E-16 6.846691E-17 -3.532094E-16 -4.128254E-16 -4.241768E-16 -3.304357E-16 5.951115E-16 2.551535E-16 -2.995959E-17 -3.898301E-17 -1.634902E-16 -9.619297E-17 2.640737E-16 9.571518E-17 -2.603000E-16 4.793653E-16 4.165110E-16 2.237540E-16 -1.932932E-16 -2.355015E-16 -8.068325E-17 2.293476E-16 3.961527E-16 4.587445E-16 5.451371E-16 4.454256E-16
-5.000717E-17 -7.145405E-17 -1.387964E-16 -2.804021E-16 3.337910E-16 2.166564E-16 1.790104E-16 8.384907E-17 2.752107E-16 2.369841E-16 3.042290E-16 1.135099E-16 2.729472E-16 2.340170E-16 3.122778E-17 1.308845E-16 8.814306E-17 3.673970E-17 -9.605383E-17 -4.606745E-16 -1.418856E-16 -2.252196E-16 -2.253044E-16 -3.696701E-16 7.740631E-17 1.469513E-16 1.161497E-16 -3.580461E-18 -1.602932E-16 -3.063899E-16 -4.341540E-16 -4.618179E-16 2.861406E-16 1.721240E-16 2.689688E-16 3.159470E-17 -1.038423E-16 -3.215868E-17 4.070453E-16 1.776797E-16 -1.205625E-16 3.432862E-16 1.952043E-16 7.350436E-17 -1.093455E-16 -1.290955E-16 2.037642E-16 2.615338E-16 4.290142E-16 1.857977E-16 5.832240E-16 1.448147E-16
1.585041E-17 -6.300767E-17 -2.983932E-16 -2.376843E-16 -2.634261E-16 -2.066876E-17 3.923253E-16 3.441187E-16 4.033099E-16 3.030845E-16 9.698405E-17 -5.918793E-17 -5.546943E-17 3.386320E-16 2.607437E-16 2.149720E-16 -1.012020E-16 -1.262434E-16 1.965963E-17 -2.258420E-16 -1.953710E-16 -2.135419E-16 -2.144861E-16 -3.224923E-16 -2.573783E-16 1.342838E-16 2.895897E-16 -2.640806E-17 -1.640983E-16 -2.624917E-16 -3.873244E-16 -4.179699E-16 2.592500E-16 3.256937E-16 3.742672E-16 -2.299720E-16 -1.090509E-16 2.831914E-16 -1.508553E-16 1.207183E-16 8.384724E-17 2.461037E-16 -6.081369E-17 1.234942E-16 -6.222433E-18 -9.481495E-17 1.138560E-16 3.304131E-16 -7.108185E-17 -5.346956E-17 3.064314E-17 4.651652E-16
1.054673E-03 7.586085E-04 4.403932E-04 3.277539E-04 7.686707E-05 4.134234E-05 9.465996E-06 9.321838E-06 5.153324E-06 1.382033E-05 7.886618E-06 4.899197E-06 6.633179E-06 1.257186E-05 2.301613E-06 2.402740E-06 3.002516E-06 1.997889E-06 6.047006E-06 9.935565E-06 2.279337E-06 7.612868E-06 1.464574E-05 1.904667E-05 6.519043E-05 1.161364E-04 2.873360E-04 8.090878E-05 4.217897E-05 2.572248E-05 9.194473E-06 5.463028E-06 2.553558E-04 6.602189E-04 1.048787E-03 7.266092E-05 4.739131E-05 1.230216E-04 2.343405E-04 1.321294E-04 6.966489E-05 7.379093E-04 4.194837E-04 3.529361E-04 1.189793E-03 4.751808E-04 6.937026E-04 1.144397E-01 6.477514E-02 3.351343E-02 7.635684E-02 1.836230E-02
8.495838E-17 1.005009E-16 -1.259481E-16 1.687102E-17 2.035167E-17 1.395885E-16 1.536191E-16 2.001068E-16 2.199996E-16 3.609864E-16 2.491695E-16 1.932413E-16 1.835066E-16 3.980115E-18 -1.812765E-17 1.649216E-16 1.539695E-16 -4.172134E-17 -1.607633E-16 -5.054509E-16 -5.284932E-17 -2.996265E-16 -1.533675E-16 -3.343221E-16 1.989614E-17 1.030777E-16 1.300429E-16 -2.772651E-17 -1.782321E-16 -3.659485E-16 -3.846623E-16 -2.810487E-16 2.526313E-16 2.193424E-16 2.636718E-16 -1.616224E-16 -1.644414E-16 -5.866162E-18 3.470771E-16 1.966834E-16 -1.761661E-16 1.631301E-16 5.565316E-18 -8.524689E-17 6.438984E-17 -1.783957E-16 -2.714063E-17 5.009728E-17 3.538055E-16 6.545044E-17 7.001250E-16 3.181208E-16
3.667530E-03 2.691184E-03 1.562466E-03 1.160213E-03 2.854293E-04 1.396460E-04 3.136619E-05 3.645214E-05 2.079829E-05 5.515542E-05 3.219838E-05 2.043184E-05 2.750768E-05 5.119232E-05 9.736819E-06 1.021683E-05 1.275022E-05 8.570805E-06 2.522094E-05 4.051452E-05 9.655342E-06 3.099118E-05 5.828150E-05 7.402393E-05 2.468125E-04 4.099821E-04 9.311282E-04 2.893703E-04 1.590633E-04 9.945271E-05 3.651967E-05 2.216274E-05 8.859068E-04 2.264140E-03 3.434461E-03 2.772542E-04 1.860856E-04 4.775801E-04 8.813913E-04 5.074846E-04 2.737724E-04 2.725211E-03 1.580862E-03 1.337553E-03 4.307318E-03 1.769861E-03 2.576460E-03 6.330496E-02 2.846742E-02 1.492357E-02 2.971715E-02 7.326995E-03
8.957466E-04 6.334016E-04 3.457409E-04 2.483772E-04 5.185472E-05 2.667548E-05 1.207770E-05 5.218589E-06 2.789103E-06 8.290931E-06 4.560621E-06 2.763506E-06 3.857647E-06 7.689934E-06 1.204990E-06 1.278989E-06 1.651984E-06 1.062629E-06 3.616452E-06 6.300146E-06 1.265294E-06 4.739885E-06 9.695144E-06 1.297234E-05 4.948253E-05 9.326991E-05 2.490294E-04 6.292551E-05 3.088713E-05 1.798432E-05 5.864539E-06 3.318843E-06 2.199531E-04 6.186364E-04 1.023690E-03 5.551443E-05 3.452198E-05 9.591578E-05 1.973199E-04 1.051653E-04 5.184478E-05 6.823485E-04 3.648000E-04 2.976590E-04 1.074022E-03 3.996177E-04 6.113433E-04 8.752409E-02 3.898132E-02 1.891838E-02 4.213728E-02 8.830484E-03
4.761118E-04 3.374011E-04 1.853267E-04 1.336659E-04 2.825435E-05 1.461236E-05 6.662660E-06 2.901468E-06 1.558725E-06 4.594033E-06 2.546219E-06 1.557946E-06 2.171460E-06 4.291212E-06 6.826195E-07 7.276747E-07 9.444995E-07 6.109119E-07 2.091094E-06 3.702611E-06 7.516079E-07 2.826206E-06 5.793075E-06 7.884810E-06 2.956219E-05 5.844831E-05 1.628241E-04 3.944872E-05 1.882590E-05 1.087126E-05 3.575928E-06 2.014678E-06 1.363210E-04 3.749912E-04 6.354819E-04 3.273852E-05 1.996547E-05 5.365889E-05 1.128997E-04 5.991447E-05 2.930065E-05 3.800828E-04 2.015803E-04 1.626748E-04 5.708363E-04 2.148658E-04 3.289761E-04 1.487045E-01 7.635161E-02 3.732523E-02 8.602512E-02 1.829000E-02
4.442020E-04 3.258055E-04 1.907380E-04 1.425281E-04 3.533932E-05 1.522037E-05 2.859627E-06 4.597003E-06 2.631067E-06 6.933633E-06 4.093542E-06 2.648844E-06 3.571467E-06 6.558875E-06 1.261645E-06 1.342229E-06 1.707642E-06 1.157685E-06 3.545669E-06 6.046625E-06 1.444571E-06 4.807774E-06 9.223277E-06 1.240975E-05 4.025953E-05 7.833188E-05 2.064283E-04 5.494345E-05 2.733771E-05 1.649645E-05 6.090300E-06 3.607178E-06 1.663401E-04 4.052032E-04 6.676934E-04 4.356431E-05 2.730606E-05 6.457925E-05 1.293650E-04 7.264849E-05 3.774294E-05 3.774188E-04 2.111479E-04 1.721341E-04 5.222991E-04 2.181298E-04 3.207656E-04 2.613295E-01 2.071409E-01 1.113610E-01 2.561492E-01 6.456471E-02
4.248618E-01 3.357520E-01 1.858519E-01 1.297772E-01 4.229946E-02 1.816981E-02 6.043919E-03 7.538687E-03 5.458721E-03 1.273954E-02 7.808496E-03 4.199857E-03 5.825664E-03 1.117118E-02 2.685629E-03 2.668512E-03 2.904207E-03 2.094790E-03 4.385050E-03 5.115124E-03 1.622760E-03 3.135969E-03 3.704010E-03 5.294913E-03 1.386390E-02 1.078773E-02 1.065509E-02 8.829184E-03 8.395956E-03 6.183645E-03 3.175596E-03 2.351096E-03 1.811619E-02 3.471610E-02 3.029257E-02 1.743744E-02 1.744277E-02 5.069894E-02 5.048029E-02 3.980301E-02 3.063093E-02 1.282824E-01 1.214228E-01 1.399575E-01 5.268861E-01 2.370674E-01 2.802285E-01 1.659683E-03 7.287552E-04 4.218880E-04 7.081449E-04 2.100238E-04
1.658910E-02 1.112308E-02 5.746151E-03 3.773352E-03 1.531140E-03 5.159208E-04 1.298515E-04 3.164072E-04 5.870942E-04 1.054288E-03 7.868410E-04 2.431289E-04 3.629870E-04 1.001017E-03 3.705674E-04 2.195960E-04 2.152845E-04 3.708253E-04 9.298935E-04 1.427637E-03 4.564711E-04 4.811068E-04 6.112501E-04 1.318307E-03 5.715154E-03 9.553224E-03 1.789617E-02 7.255409E-03 2.793252E-03 1.459824E-03 1.383218E-03 9.231307E-04 1.755515E-02 2.984979E-02 4.960625E-02 6.773260E-03 4.751687E-03 6.165515E-03 1.395225E-02 7.238326E-03 5.588751E-03 3.645197E-02 1.754954E-02 1.567833E-02 2.979225E-02 2.070895E-02 2.409647E-02 4.028914E-02 1.987634E-02 1.356225E-02 1.502526E-02 6.743089E-03
4.594125E-03 3.034343E-03 1.519198E-03 9.662148E-04 4.554404E-04 1.453214E-04 3.361033E-05 1.034085E-04 3.241959E-04 4.151746E-04 3.305216E-04 1.001201E-04 1.531136E-04 4.301170E-04 2.364610E-04 9.844872E-05 1.003210E-04 2.370961E-04 7.072627E-04 1.068850E-03 3.973219E-04 3.062954E-04 3.957168E-04 9.694154E-04 4.120879E-03 1.048550E-02 2.316910E-02 7.981109E-03 2.145208E-03 1.047252E-03 1.233134E-03 8.914038E-04 1.587720E-02 2.420662E-02 4.601561E-02 4.727745E-03 3.656495E-03 3.003544E-03 8.219014E-03 4.010709E-03 2.988242E-03 1.886681E-02 8.157951E-03 6.789926E-03 9.863968E-03 8.101571E-03 9.239738E-03 7.577959E-02 3.536718E-02 2.974274E-02 2.387429E-02 1.403067E-02
2.348466E-01 2.255638E-01 1.287763E-01 8.904629E-02 3.772840E-02 1.782143E-02 6.070006E-03 7.407423E-03 5.933363E-03 1.474506E-02 9.744396E-03 5.805365E-03 8.195519E-03 1.515254E-02 3.536111E-03 3.755020E-03 4.400593E-03 3.204054E-03 7.629182E-03 9.894406E-03 2.995753E-03 6.346332E-03 8.091818E-03 1.149203E-02 3.089410E-02 2.502537E-02 2.405026E-02 2.043889E-02 1.884205E-02 1.365266E-02 6.726891E-03 4.827707E-03 4.185769E-02 7.825629E-02 6.487319E-02 3.829496E-02 3.548356E-02 9.665668E-02 1.126271E-01 8.372708E-02 5.819935E-02 2.960899E-01 2.567425E-01 2.576037E-01 5.449777E-01 3.193599E-01 4.667830E-01 1.561633E-03 6.574476E-04 3.882264E-04 6.038900E-04 1.829709E-04
3.400478E-02 2.669146E-02 1.412382E-02 9.328829E-03 4.339363E-03 1.751138E-03 5.033285E-04 9.556744E-04 1.828012E-03 3.235530E-03 2.534680E-03 9.746735E-04 1.439511E-03 3.494266E-03 1.344233E-03 8.391804E-04 9.004453E-04 1.481051E-03 3.874406E-03 6.168655E-03 1.996330E-03 2.377478E-03 3.285634E-03 6.310517E-03 2.429057E-02 3.991452E-02 6.659311E-02 3.060466E-02 1.307946E-02 7.254423E-03 6.132647E-03 4.105256E-03 7.097638E-02 1.313705E-01 1.881864E-01 2.833687E-02 2.010607E-02 2.575129E-02 5.933637E-02 3.191077E-02 2.183712E-02 1.411177E-01 7.036758E-02 5.593963E-02 7.616641E-02 5.815004E-02 7.492591E-02 1.053799E-02 5.277970E-03 4.115679E-03 3.577656E-03 1.976667E-03
1.541099E-03 1.031746E-03 5.099551E-04 3.170408E-04 1.805985E-04 5.742363E-05 1.280038E-05 4.685723E-05 2.469283E-04 2.236587E-04 1.930465E-04 6.104351E-05 9.470096E-05 2.593412E-04 2.474404E-04 6.509872E-05 7.024588E-05 1.780757E-04 1.049309E-03 9.716844E-04 5.759571E-04 2.984010E-04 3.926115E-04 1.054182E-03 4.061004E-03 1.388481E-02 4.835434E-02 1.151047E-02 2.351714E-03 1.107873E-03 1.344386E-03 1.017791E-03 1.769654E-02 2.293124E-02 4.638258E-02 4.367326E-03 3.290622E-03 1.971942E-03 6.234219E-03 2.982124E-03 2.161297E-03 1.172661E-02 4.805254E-03 3.745700E-03 3.962554E-03 3.934800E-03 4.385578E-03 4.263040E-02 2.207066E-02 2.320059E-02 1.293985E-02 9.994065E-03
3.043020E-04 1.668073E-04 7.987445E-05 4.891610E-05 2.460929E-05 5.803358E-06 1.016312E-06 5.878560E-06 3.166615E-05 2.848633E-05 2.263921E-05 4.796839E-06 7.644434E-06 2.670455E-05 2.136445E-05 5.506441E-06 5.030503E-06 1.714825E-05 6.001781E-05 7.657609E-05 3.416614E-05 1.449920E-05 1.626641E-05 5.150278E-05 2.681729E-04 9.365520E-04 2.206630E-03 7.168003E-04 1.191369E-04 5.147834E-05 9.190485E-05 7.560804E-05 1.148984E-03 1.404110E-03 3.162829E-03 3.223513E-04 2.986252E-04 1.605048E-04 4.931588E-04 2.165110E-04 1.913516E-04 1.229327E-03 4.512935E-04 4.150320E-04 6.463112E-04 6.101821E-04 5.884449E-04 4.965586E-01 4.145105E-01 3.761921E-01 2.507334E-01 1.696474E-01
5.389695E-04 3.182661E-04 1.524876E-04 9.324869E-05 4.910108E-05 1.291902E-05 2.456887E-06 1.204357E-05 7.646756E-05 5.929417E-05 4.891441E-05 1.212549E-05 1.918445E-05 6.104635E-05 6.675021E-05 1.361016E-05 1.335807E-05 4.089241E-05 2.049923E-04 2.025276E-04 1.266160E-04 4.656097E-05 5.576037E-05 1.673876E-04 7.700891E-04 2.838329E-03 7.897489E-03 2.400113E-03 3.827133E-04 1.701899E-04 2.620665E-04 2.079893E-04 3.372169E-03 4.194046E-03 9.124257E-03 8.816229E-04 7.461957E-04 4.118927E-04 1.301463E-03 5.871663E-04 4.770962E-04 2.905706E-03 1.100971E-03 9.422189E-04 1.256780E-03 1.206951E-03 1.238249E-03 2.037396E-01 1.168245E-01 1.159576E-01 6.929519E-02 5.138902E-02
7.867085E-05 3.935490E-05 1.865171E-05 1.129254E-05 5.893603E-06 1.192620E-06 1.826646E-07 1.451106E-06 1.238153E-05 7.512976E-06 5.895373E-06 1.022159E-06 1.657598E-06 6.529116E-06 7.835395E-06 1.258245E-06 1.067074E-06 4.376206E-06 1.980786E-05 1.838625E-05 1.108731E-05 2.719421E-06 2.800349E-06 9.930030E-06 5.922672E-05 2.442540E-04 6.218348E-04 2.086876E-04 2.340669E-05 9.576500E-06 2.139036E-05 1.832846E-05 2.575663E-04 2.887936E-04 6.993784E-04 7.432445E-05 7.534089E-05 3.491117E-05 1.102678E-04 4.608542E-05 4.524716E-05 2.956202E-04 1.008015E-04 9.918157E-05 1.634301E-04 1.656127E-04 1.454667E-04 1.547392E-01 3.705243E-01 6.185063E-01 3.286757E-01 6.924554E-01
2.634943E-05 1.286667E-05 5.875657E-06 3.443363E-06 1.989176E-06 3.775338E-07 5.299540E-08 5.191874E-07 5.649148E-06 3.139716E-06 2.575035E-06 4.268444E-07 7.062423E-07 2.875049E-06 4.811041E-06 5.642993E-07 4.859647E-07 2.222075E-06 1.840582E-05 1.044648E-05 8.318917E-06 1.472931E-06 1.491794E-06 5.808473E-06 3.459503E-05 1.626171E-04 8.568990E-04 1.437743E-04 1.386718E-05 5.450966E-06 1.338055E-05 1.144196E-05 1.616440E-04 1.645680E-04 4.212809E-04 4.259687E-05 4.220218E-05 1.626869E-05 5.704467E-05 2.295247E-05 2.274798E-05 1.444956E-04 4.583818E-05 4.402828E-05 6.268265E-05 7.094025E-05 6.067858E-05 6.096086E-02 1.252963E-01 2.364075E-01 9.090076E-02 2.501458E-01
